timestamp;rssi1;rssi2;rssi3;rssi4;rssi5;rssi6;rssi7;rssi8;
19:53:05.421;-80;-80;-50;-80;-80;-80;-80;-80
19:53:05.593;-80;-80;-49.5;-80;-80;-80;-80;-80
19:53:05.671;-80;-80;-50.5;-80;-80;-80;-80;-80
19:53:05.906;-80;-80;-50.5;-80;-80;-80;-80;-80
19:53:06.062;-80;-80;-80;-56;-80;-80;-80;-80
19:53:06.171;-80;-80;-54;-80;-80;-80;-80;-80
19:53:06.281;-80;-80;-54;-80;-80;-80;-80;-80
19:53:06.281;-80;-80;-80;-59.5;-80;-80;-80;-80
19:53:06.421;-80;-80;-50;-80;-80;-80;-80;-80
19:53:06.625;-80;-80;-53.5;-80;-80;-80;-80;-80
19:53:06.671;-80;-80;-53.5;-80;-80;-80;-80;-80
19:53:06.859;-80;-80;-80;-56;-80;-80;-80;-80
19:53:06.921;-80;-80;-54.5;-80;-80;-80;-80;-80
19:53:07.125;-80;-80;-53;-80;-80;-80;-80;-80
19:53:07.171;-80;-80;-53;-80;-80;-80;-80;-80
19:53:07.406;-80;-80;-54;-80;-80;-80;-80;-80
19:53:07.406;-80;-80;-80;-59;-80;-80;-80;-80
19:53:07.437;-80;-80;-53.5;-80;-80;-80;-80;-80
19:53:07.593;-80;-80;-80;-57.5;-80;-80;-80;-80
19:53:07.671;-80;-80;-54.5;-80;-80;-80;-80;-80
19:53:07.906;-80;-80;-49.5;-80;-80;-80;-80;-80
19:53:07.906;-80;-80;-80;-56;-80;-80;-80;-80
19:53:08.031;-80;-80;-49;-80;-80;-80;-80;-80
19:53:08.031;-80;-80;-80;-57.5;-80;-80;-80;-80
19:53:08.156;-80;-80;-55.5;-80;-80;-80;-80;-80
19:53:08.421;-58;-80;-80;-80;-80;-80;-80;-80
19:53:08.562;-80;-80;-49.5;-80;-80;-80;-80;-80
19:53:08.671;-80;-80;-53;-80;-80;-80;-80;-80
19:53:08.812;-80;-80;-55;-80;-80;-80;-80;-80
19:53:08.812;-80;-80;-80;-54.5;-80;-80;-80;-80
19:53:08.921;-80;-60;-80;-80;-80;-80;-80;-80
19:53:08.921;-80;-80;-52.5;-80;-80;-80;-80;-80
19:53:09.140;-58;-80;-80;-80;-80;-80;-80;-80
19:53:09.171;-80;-80;-51;-80;-80;-80;-80;-80
19:53:09.390;-80;-80;-51;-80;-80;-80;-80;-80
19:53:09.593;-80;-80;-52;-80;-80;-80;-80;-80
19:53:09.796;-80;-80;-56;-80;-80;-80;-80;-80
19:53:09.796;-80;-80;-80;-59.5;-80;-80;-80;-80
19:53:10.046;-80;-80;-52;-80;-80;-80;-80;-80
19:53:10.046;-80;-80;-80;-57.5;-80;-80;-80;-80
19:53:10.359;-80;-80;-52;-80;-80;-80;-80;-80
19:53:10.578;-80;-80;-49.5;-80;-80;-80;-80;-80
19:53:10.671;-80;-56.5;-80;-80;-80;-80;-80;-80
19:53:10.812;-80;-80;-52;-80;-80;-80;-80;-80
19:53:10.921;-80;-80;-52.5;-80;-80;-80;-80;-80
19:53:11.078;-80;-80;-52.5;-80;-80;-80;-80;-80
19:53:11.171;-80;-80;-51.5;-80;-80;-80;-80;-80
19:53:11.390;-80;-80;-51;-80;-80;-80;-80;-80
19:53:11.421;-80;-57;-80;-80;-80;-80;-80;-80
19:53:11.609;-80;-80;-52.5;-80;-80;-80;-80;-80
19:53:11.671;-80;-57.5;-80;-80;-80;-80;-80;-80
19:53:11.828;-80;-80;-55;-80;-80;-80;-80;-80
19:53:11.921;-80;-57;-80;-80;-80;-80;-80;-80
19:53:12.031;-80;-80;-54;-80;-80;-80;-80;-80
19:53:12.171;-80;-55;-80;-80;-80;-80;-80;-80
19:53:12.328;-80;-80;-55;-80;-80;-80;-80;-80
19:53:12.437;-80;-57.5;-80;-80;-80;-80;-80;-80
19:53:12.593;-80;-80;-52.5;-80;-80;-80;-80;-80
19:53:12.703;-80;-56.5;-80;-80;-80;-80;-80;-80
19:53:12.843;-80;-59.5;-80;-80;-80;-80;-80;-80
19:53:12.843;-80;-80;-51.5;-80;-80;-80;-80;-80
19:53:12.921;-80;-58;-80;-80;-80;-80;-80;-80
19:53:12.921;-80;-80;-51.5;-80;-80;-80;-80;-80
19:53:13.140;-80;-59;-80;-80;-80;-80;-80;-80
19:53:13.140;-80;-80;-51.5;-80;-80;-80;-80;-80
19:53:13.171;-80;-80;-51;-80;-80;-80;-80;-80
19:53:13.406;-80;-57.5;-80;-80;-80;-80;-80;-80
19:53:13.406;-80;-80;-54.5;-80;-80;-80;-80;-80
19:53:13.578;-80;-56.5;-80;-80;-80;-80;-80;-80
19:53:13.578;-80;-80;-54;-80;-80;-80;-80;-80
19:53:13.671;-80;-57;-80;-80;-80;-80;-80;-80
19:53:13.671;-80;-80;-52.5;-80;-80;-80;-80;-80
19:53:13.921;-80;-57;-80;-80;-80;-80;-80;-80
19:53:13.921;-80;-80;-52;-80;-80;-80;-80;-80
19:53:14.281;-80;-80;-53.5;-80;-80;-80;-80;-80
19:53:14.453;-80;-56.5;-80;-80;-80;-80;-80;-80
19:53:14.562;-80;-80;-53.5;-80;-80;-80;-80;-80
19:53:14.671;-80;-58;-80;-80;-80;-80;-80;-80
19:53:14.671;-80;-80;-51.5;-80;-80;-80;-80;-80
19:53:14.859;-80;-55.5;-80;-80;-80;-80;-80;-80
19:53:14.859;-80;-80;-51.5;-80;-80;-80;-80;-80
19:53:14.921;-80;-58.5;-80;-80;-80;-80;-80;-80
19:53:14.921;-80;-80;-52.5;-80;-80;-80;-80;-80
19:53:15.078;-80;-80;-54;-80;-80;-80;-80;-80
19:53:15.171;-80;-60.5;-80;-80;-80;-80;-80;-80
19:53:15.296;-80;-80;-53;-80;-80;-80;-80;-80
19:53:15.296;-80;-80;-80;-57.5;-80;-80;-80;-80
19:53:15.609;-80;-58.5;-80;-80;-80;-80;-80;-80
19:53:15.609;-80;-80;-53;-80;-80;-80;-80;-80
19:53:15.890;-80;-80;-50.5;-80;-80;-80;-80;-80
19:53:16.093;-80;-80;-50.5;-80;-80;-80;-80;-80
19:53:16.281;-80;-80;-52.5;-80;-80;-80;-80;-80
19:53:16.281;-80;-80;-80;-56.5;-80;-80;-80;-80
19:53:16.515;-80;-80;-54;-80;-80;-80;-80;-80
19:53:16.515;-80;-80;-80;-56;-80;-80;-80;-80
19:53:16.796;-80;-80;-50.5;-80;-80;-80;-80;-80
19:53:16.812;-80;-80;-80;-55;-80;-80;-80;-80
19:53:17.109;-80;-80;-53;-80;-80;-80;-80;-80
19:53:17.109;-80;-80;-80;-56.5;-80;-80;-80;-80
19:53:17.375;-80;-80;-52.5;-80;-80;-80;-80;-80
19:53:17.375;-80;-80;-80;-58;-80;-80;-80;-80
19:53:17.593;-80;-57.5;-80;-80;-80;-80;-80;-80
19:53:17.593;-80;-80;-53;-80;-80;-80;-80;-80
19:53:17.843;-80;-59.5;-80;-80;-80;-80;-80;-80
19:53:17.843;-80;-80;-52;-80;-80;-80;-80;-80
19:53:18.171;-80;-80;-50;-80;-80;-80;-80;-80
19:53:18.421;-80;-80;-53.5;-80;-80;-80;-80;-80
19:53:18.671;-80;-80;-52;-80;-80;-80;-80;-80
19:53:18.875;-80;-80;-51;-80;-80;-80;-80;-80
19:53:19.109;-80;-80;-53;-80;-80;-80;-80;-80
19:53:19.437;-80;-58;-80;-80;-80;-80;-80;-80
19:53:19.421;-80;-80;-51;-80;-80;-80;-80;-80
19:53:19.640;-80;-59.5;-80;-80;-80;-80;-80;-80
19:53:19.640;-80;-80;-52.5;-80;-80;-80;-80;-80
19:53:19.671;-80;-59;-80;-80;-80;-80;-80;-80
19:53:19.921;-80;-57;-80;-80;-80;-80;-80;-80
19:53:19.921;-80;-80;-52.5;-80;-80;-80;-80;-80
19:53:20.125;-80;-57;-80;-80;-80;-80;-80;-80
19:53:20.125;-80;-80;-55;-80;-80;-80;-80;-80
19:53:20.171;-80;-57;-80;-80;-80;-80;-80;-80
19:53:20.421;-80;-57;-80;-80;-80;-80;-80;-80
19:53:20.421;-80;-80;-51.5;-80;-80;-80;-80;-80
19:53:20.640;-80;-54.5;-80;-80;-80;-80;-80;-80
19:53:20.640;-80;-80;-57.5;-80;-80;-80;-80;-80
19:53:20.671;-80;-54;-80;-80;-80;-80;-80;-80
19:53:20.906;-80;-53.5;-80;-80;-80;-80;-80;-80
19:53:20.890;-80;-80;-55;-80;-80;-80;-80;-80
19:53:21.125;-80;-56;-80;-80;-80;-80;-80;-80
19:53:21.125;-80;-80;-55;-80;-80;-80;-80;-80
19:53:21.171;-80;-55.5;-80;-80;-80;-80;-80;-80
19:53:21.171;-80;-80;-55.5;-80;-80;-80;-80;-80
19:53:21.421;-80;-55;-80;-80;-80;-80;-80;-80
19:53:21.421;-80;-80;-55.5;-80;-80;-80;-80;-80
19:53:21.671;-80;-80;-56;-80;-80;-80;-80;-80
19:53:21.828;-80;-56;-80;-80;-80;-80;-80;-80
19:53:21.828;-80;-56;-80;-80;-80;-80;-80;-80
19:53:21.828;-80;-80;-54.5;-80;-80;-80;-80;-80
19:53:22.062;-80;-56.5;-80;-80;-80;-80;-80;-80
19:53:22.062;-80;-80;-54.5;-80;-80;-80;-80;-80
19:53:22.359;-80;-80;-52.5;-80;-80;-80;-80;-80
19:53:22.562;-80;-80;-53;-80;-80;-80;-80;-80
19:53:22.828;-80;-80;-52;-80;-80;-80;-80;-80
19:53:23.140;-80;-80;-50.5;-80;-80;-80;-80;-80
19:53:23.140;-80;-80;-51;-80;-80;-80;-80;-80
19:53:23.421;-80;-80;-50.5;-80;-80;-80;-80;-80
19:53:23.656;-80;-80;-56;-80;-80;-80;-80;-80
19:53:23.921;-80;-80;-54;-80;-80;-80;-80;-80
19:53:24.171;-80;-80;-54;-80;-80;-80;-80;-80
19:53:24.421;-80;-80;-57;-80;-80;-80;-80;-80
19:53:24.671;-80;-80;-57.5;-80;-80;-80;-80;-80
19:53:24.890;-80;-80;-55;-80;-80;-80;-80;-80
19:53:25.171;-80;-80;-57;-80;-80;-80;-80;-80
19:53:25.359;-80;-80;-58.5;-80;-80;-80;-80;-80
19:53:25.625;-80;-56;-80;-80;-80;-80;-80;-80
19:53:25.671;-80;-80;-61;-80;-80;-80;-80;-80
19:53:25.828;-80;-80;-59;-80;-80;-80;-80;-80
19:53:25.843;-80;-80;-80;-59;-80;-80;-80;-80
19:53:25.921;-80;-80;-58;-80;-80;-80;-80;-80
19:53:26.171;-80;-80;-56;-80;-80;-80;-80;-80
19:53:26.625;-80;-80;-80;-57;-80;-80;-80;-80
19:53:26.921;-80;-80;-58;-80;-80;-80;-80;-80
19:53:26.921;-80;-80;-80;-57.5;-80;-80;-80;-80
19:53:27.109;-55.5;-80;-80;-80;-80;-80;-80;-80
19:53:27.109;-80;-80;-57;-80;-80;-80;-80;-80
19:53:27.109;-80;-80;-80;-58.5;-80;-80;-80;-80
19:53:27.421;-54;-80;-80;-80;-80;-80;-80;-80
19:53:27.640;-54.5;-80;-80;-80;-80;-80;-80;-80
19:53:27.671;-55.5;-80;-80;-80;-80;-80;-80;-80
19:53:27.921;-54.5;-80;-80;-80;-80;-80;-80;-80
19:53:28.156;-54.5;-80;-80;-80;-80;-80;-80;-80
19:53:28.156;-80;-80;-80;-58.5;-80;-80;-80;-80
19:53:28.156;-56;-80;-80;-80;-80;-80;-80;-80
19:53:28.156;-80;-80;-80;-58;-80;-80;-80;-80
19:53:28.390;-54;-80;-80;-80;-80;-80;-80;-80
19:53:28.687;-57.5;-80;-80;-80;-80;-80;-80;-80
19:53:28.687;-80;-59;-80;-80;-80;-80;-80;-80
19:53:28.953;-80;-80;-59;-80;-80;-80;-80;-80
19:53:29.109;-80;-80;-57.5;-80;-80;-80;-80;-80
19:53:29.109;-80;-80;-80;-57.5;-80;-80;-80;-80
19:53:29.406;-80;-80;-58;-80;-80;-80;-80;-80
19:53:29.656;-80;-80;-58.5;-80;-80;-80;-80;-80
19:53:29.921;-80;-80;-57.5;-80;-80;-80;-80;-80
19:53:30.921;-80;-80;-59.5;-80;-80;-80;-80;-80
19:53:31.171;-80;-57.5;-80;-80;-80;-80;-80;-80
19:53:31.171;-80;-80;-58.5;-80;-80;-80;-80;-80
19:53:31.671;-80;-58;-80;-80;-80;-80;-80;-80
19:53:31.671;-80;-80;-59;-80;-80;-80;-80;-80
19:53:31.921;-80;-58.5;-80;-80;-80;-80;-80;-80
19:53:31.921;-80;-80;-59;-80;-80;-80;-80;-80
19:53:32.171;-80;-58;-80;-80;-80;-80;-80;-80
19:53:32.171;-80;-80;-59.5;-80;-80;-80;-80;-80
19:53:33.171;-80;-80;-61;-80;-80;-80;-80;-80
19:53:33.421;-80;-80;-58;-80;-80;-80;-80;-80
19:53:33.671;-80;-80;-58;-80;-80;-80;-80;-80
19:53:33.937;-80;-80;-57;-80;-80;-80;-80;-80
19:53:34.125;-80;-80;-54.5;-80;-80;-80;-80;-80
19:53:34.359;-80;-80;-54.5;-80;-80;-80;-80;-80
19:53:34.359;-80;-80;-80;-58.5;-80;-80;-80;-80
19:53:34.578;-80;-80;-56;-80;-80;-80;-80;-80
19:53:34.578;-80;-80;-80;-59;-80;-80;-80;-80
19:53:34.921;-80;-80;-58.5;-80;-80;-80;-80;-80
19:53:35.046;-80;-80;-56;-80;-80;-80;-80;-80
19:53:35.343;-80;-80;-58;-80;-80;-80;-80;-80
19:53:35.421;-80;-80;-57;-80;-80;-80;-80;-80
19:53:35.593;-80;-80;-58;-80;-80;-80;-80;-80
19:53:36.171;-80;-80;-58;-80;-80;-80;-80;-80
19:53:36.421;-80;-80;-58;-80;-80;-80;-80;-80
19:53:36.890;-80;-80;-60;-80;-80;-80;-80;-80
19:53:37.093;-80;-80;-59;-80;-80;-80;-80;-80
19:53:37.171;-80;-80;-55.5;-80;-80;-80;-80;-80
19:53:37.343;-80;-80;-59;-80;-80;-80;-80;-80
19:53:37.562;-80;-80;-58;-80;-80;-80;-80;-80
19:53:37.828;-80;-80;-57.5;-80;-80;-80;-80;-80
19:53:38.125;-80;-80;-59;-80;-80;-80;-80;-80
19:53:38.640;-80;-80;-57.5;-80;-80;-80;-80;-80
19:53:38.781;-80;-59;-80;-80;-80;-80;-80;-80
19:53:38.781;-80;-80;-56.5;-80;-80;-80;-80;-80
19:53:39.062;-80;-56.5;-80;-80;-80;-80;-80;-80
19:53:39.062;-80;-80;-57.5;-80;-80;-80;-80;-80
19:53:39.312;-80;-80;-58.5;-80;-80;-80;-80;-80
19:53:39.562;-80;-58.5;-80;-80;-80;-80;-80;-80
19:53:39.562;-80;-80;-59;-80;-80;-80;-80;-80
19:53:39.671;-80;-80;-58;-80;-80;-80;-80;-80
19:53:39.812;-80;-80;-58.5;-80;-80;-80;-80;-80
19:53:39.921;-80;-80;-58.5;-80;-80;-80;-80;-80
19:53:40.156;-57.5;-80;-80;-80;-80;-80;-80;-80
19:53:40.171;-80;-80;-60;-80;-80;-80;-80;-80
19:53:40.359;-80;-80;-58.5;-80;-80;-80;-80;-80
19:53:41.078;-80;-80;-58.5;-80;-80;-80;-80;-80
19:53:41.343;-80;-80;-58.5;-80;-80;-80;-80;-80
19:53:41.843;-80;-80;-58;-80;-80;-80;-80;-80
19:53:42.171;-80;-80;-58;-80;-80;-80;-80;-80
19:53:42.531;-80;-80;-55.5;-80;-80;-80;-80;-80
19:53:42.828;-80;-80;-59.5;-80;-80;-80;-80;-80
19:53:43.046;-80;-80;-57;-80;-80;-80;-80;-80
19:53:43.296;-80;-80;-58;-80;-80;-80;-80;-80
19:53:43.625;-80;-80;-59.5;-80;-80;-80;-80;-80
19:53:43.890;-80;-80;-58.5;-80;-80;-80;-80;-80
19:53:44.109;-80;-80;-57.5;-80;-80;-80;-80;-80
19:53:44.171;-80;-80;-58;-80;-80;-80;-80;-80
19:53:44.421;-80;-80;-55.5;-80;-80;-80;-80;-80
19:53:44.640;-80;-80;-55.5;-80;-80;-80;-80;-80
19:53:44.687;-80;-80;-57;-80;-80;-80;-80;-80
19:53:44.906;-80;-80;-58;-80;-80;-80;-80;-80
19:53:44.921;-80;-80;-59;-80;-80;-80;-80;-80
19:53:45.171;-80;-80;-56;-80;-80;-80;-80;-80
19:53:45.359;-80;-80;-54;-80;-80;-80;-80;-80
19:53:45.515;-80;-80;-58;-80;-80;-80;-80;-80
19:53:45.671;-80;-80;-60;-80;-80;-80;-80;-80
19:53:45.828;-80;-80;-58;-80;-80;-80;-80;-80
19:53:45.953;-80;-80;-60;-80;-80;-80;-80;-80
19:53:46.140;-80;-80;-59.5;-80;-80;-80;-80;-80
19:53:46.421;-80;-80;-57.5;-80;-80;-80;-80;-80
19:53:47.343;-80;-80;-58.5;-80;-80;-80;-80;-80
19:53:47.578;-80;-80;-56.5;-80;-80;-80;-80;-80
19:53:47.687;-80;-80;-60;-80;-80;-80;-80;-80
19:53:47.859;-80;-80;-57;-80;-80;-80;-80;-80
19:53:47.937;-80;-80;-58.5;-80;-80;-80;-80;-80
19:53:48.109;-80;-80;-59.5;-80;-80;-80;-80;-80
19:53:48.171;-80;-80;-59;-80;-80;-80;-80;-80
19:53:48.687;-80;-80;-58.5;-80;-80;-80;-80;-80
19:53:48.843;-80;-80;-60.5;-80;-80;-80;-80;-80
19:53:48.953;-80;-80;-58;-80;-80;-80;-80;-80
19:53:49.046;-80;-80;-59.5;-80;-80;-80;-80;-80
19:53:49.171;-80;-80;-59;-80;-80;-80;-80;-80
19:53:49.328;-80;-80;-59.5;-80;-80;-80;-80;-80
19:53:49.437;-80;-80;-58;-80;-80;-80;-80;-80
19:53:49.625;-80;-80;-80;-58;-80;-80;-80;-80
19:53:49.828;-80;-80;-58.5;-80;-80;-80;-80;-80
19:53:50.062;-80;-80;-58;-80;-80;-80;-80;-80
19:53:50.312;-80;-80;-57;-80;-80;-80;-80;-80
19:53:50.593;-80;-80;-55.5;-80;-80;-80;-80;-80
19:53:50.828;-80;-80;-58.5;-80;-80;-80;-80;-80
19:53:50.984;-80;-80;-57.5;-80;-80;-80;-80;-80
19:53:51.156;-80;-80;-80;-57.5;-80;-80;-80;-80
19:53:51.296;-80;-80;-60.5;-80;-80;-80;-80;-80
19:53:51.578;-80;-80;-58.5;-80;-80;-80;-80;-80
19:53:51.828;-80;-80;-59;-80;-80;-80;-80;-80
19:53:52.046;-80;-80;-60;-80;-80;-80;-80;-80
19:53:52.171;-80;-80;-61.5;-80;-80;-80;-80;-80
19:53:52.437;-80;-80;-60;-80;-80;-80;-80;-80
19:53:52.562;-80;-80;-59.5;-80;-80;-80;-80;-80
19:53:52.671;-80;-80;-57;-80;-80;-80;-80;-80
19:53:52.812;-80;-80;-59.5;-80;-80;-80;-80;-80
19:53:52.937;-80;-80;-59;-80;-80;-80;-80;-80
19:53:53.281;-80;-80;-59.5;-80;-80;-80;-80;-80
19:53:53.421;-80;-80;-61;-80;-80;-80;-80;-80
19:53:53.609;-80;-80;-61;-80;-80;-80;-80;-80
19:53:53.859;-80;-80;-59;-80;-80;-80;-80;-80
19:53:54.109;-80;-80;-60;-80;-80;-80;-80;-80
19:53:54.437;-80;-80;-62;-80;-80;-80;-80;-80
19:53:54.578;-80;-80;-60;-80;-80;-80;-80;-80
19:53:54.671;-80;-80;-59.5;-80;-80;-80;-80;-80
19:53:54.828;-80;-80;-61.5;-80;-80;-80;-80;-80
19:53:54.937;-80;-80;-60;-80;-80;-80;-80;-80
19:53:55.078;-80;-80;-58;-80;-80;-80;-80;-80
19:53:55.171;-80;-80;-58.5;-80;-80;-80;-80;-80
19:53:55.421;-80;-80;-57;-80;-80;-80;-80;-80
19:53:55.578;-80;-80;-57.5;-80;-80;-80;-80;-80
19:53:55.578;-80;-80;-80;-57;-80;-80;-80;-80
19:53:55.812;-80;-80;-61;-80;-80;-80;-80;-80
19:53:56.031;-80;-80;-59.5;-80;-80;-80;-80;-80
19:53:56.296;-80;-80;-59.5;-80;-80;-80;-80;-80
19:53:56.562;-80;-80;-59.5;-80;-80;-80;-80;-80
19:53:56.875;-80;-80;-59;-80;-80;-80;-80;-80
19:53:57.015;-80;-80;-58.5;-80;-80;-80;-80;-80
19:53:57.140;-80;-80;-80;-58;-80;-80;-80;-80
19:53:57.578;-80;-80;-59.5;-80;-80;-80;-80;-80
19:53:57.828;-80;-80;-58;-80;-80;-80;-80;-80
19:53:58.031;-80;-80;-61.5;-80;-80;-80;-80;-80
19:53:58.171;-80;-80;-60;-80;-80;-80;-80;-80
19:53:58.296;-80;-80;-59.5;-80;-80;-80;-80;-80
19:53:58.421;-80;-80;-59;-80;-80;-80;-80;-80
19:53:58.671;-80;-80;-80;-58;-80;-80;-80;-80
19:53:58.875;-80;-80;-59.5;-80;-80;-80;-80;-80
19:53:58.921;-80;-80;-60.5;-80;-80;-80;-80;-80
19:53:59.109;-80;-80;-57;-80;-80;-80;-80;-80
19:53:59.171;-80;-80;-57.5;-80;-80;-80;-80;-80
19:53:59.421;-80;-80;-57.5;-80;-80;-80;-80;-80
19:53:59.562;-80;-80;-58;-80;-80;-80;-80;-80
19:53:59.671;-80;-80;-58;-80;-80;-80;-80;-80
19:53:59.937;-80;-80;-59;-80;-80;-80;-80;-80
19:54:00.171;-80;-80;-59;-80;-80;-80;-80;-80
19:54:00.359;-80;-80;-56.5;-80;-80;-80;-80;-80
19:54:00.421;-80;-80;-56.5;-80;-80;-80;-80;-80
19:54:00.625;-80;-80;-56.5;-80;-80;-80;-80;-80
19:54:00.812;-80;-57;-80;-80;-80;-80;-80;-80
19:54:00.921;-80;-80;-54.5;-80;-80;-80;-80;-80
19:54:01.046;-80;-58.5;-80;-80;-80;-80;-80;-80
19:54:01.171;-80;-80;-59;-80;-80;-80;-80;-80
19:54:01.421;-80;-80;-56;-80;-80;-80;-80;-80
19:54:01.562;-80;-80;-55;-80;-80;-80;-80;-80
19:54:01.671;-80;-80;-56.5;-80;-80;-80;-80;-80
19:54:01.812;-80;-80;-56;-80;-80;-80;-80;-80
19:54:01.937;-80;-80;-55.5;-80;-80;-80;-80;-80
19:54:02.109;-80;-57;-80;-80;-80;-80;-80;-80
19:54:02.109;-80;-80;-57.5;-80;-80;-80;-80;-80
19:54:02.171;-80;-80;-57;-80;-80;-80;-80;-80
19:54:02.343;-80;-57;-80;-80;-80;-80;-80;-80
19:54:02.421;-80;-80;-58;-80;-80;-80;-80;-80
19:54:02.578;-80;-80;-56;-80;-80;-80;-80;-80
19:54:02.671;-80;-58.5;-80;-80;-80;-80;-80;-80
19:54:02.828;-80;-80;-58;-80;-80;-80;-80;-80
19:54:02.921;-80;-80;-59;-80;-80;-80;-80;-80
19:54:03.062;-80;-80;-58.5;-80;-80;-80;-80;-80
19:54:03.171;-80;-58.5;-80;-80;-80;-80;-80;-80
19:54:03.546;-80;-80;-57;-80;-80;-80;-80;-80
19:54:03.656;-80;-59.5;-80;-80;-80;-80;-80;-80
19:54:03.671;-80;-80;-58;-80;-80;-80;-80;-80
19:54:03.906;-80;-80;-59;-80;-80;-80;-80;-80
19:54:04.062;-80;-80;-59;-80;-80;-80;-80;-80
19:54:04.171;-80;-80;-58.5;-80;-80;-80;-80;-80
19:54:04.375;-80;-80;-57.5;-80;-80;-80;-80;-80
19:54:04.421;-80;-80;-57.5;-80;-80;-80;-80;-80
19:54:04.671;-80;-80;-59;-80;-80;-80;-80;-80
19:54:04.875;-80;-80;-59.5;-80;-80;-80;-80;-80
19:54:04.937;-80;-80;-61;-80;-80;-80;-80;-80
19:54:05.171;-80;-80;-58;-80;-80;-80;-80;-80
19:54:05.328;-80;-80;-56;-80;-80;-80;-80;-80
19:54:05.578;-80;-80;-59.5;-80;-80;-80;-80;-80
19:54:05.578;-80;-80;-59.5;-80;-80;-80;-80;-80
19:54:05.921;-80;-80;-61.5;-80;-80;-80;-80;-80
19:54:06.062;-80;-80;-56.5;-80;-80;-80;-80;-80
19:54:06.171;-80;-80;-58.5;-80;-80;-80;-80;-80
19:54:06.328;-80;-80;-57.5;-80;-80;-80;-80;-80
19:54:06.562;-80;-80;-59.5;-80;-80;-80;-80;-80
19:54:06.796;-80;-80;-58;-80;-80;-80;-80;-80
19:54:06.921;-80;-80;-60;-80;-80;-80;-80;-80
19:54:07.078;-80;-80;-60.5;-80;-80;-80;-80;-80
19:54:07.843;-80;-57.5;-80;-80;-80;-80;-80;-80
19:54:08.109;-80;-80;-57;-80;-80;-80;-80;-80
19:54:08.171;-80;-80;-56.5;-80;-80;-80;-80;-80
19:54:08.375;-80;-80;-57.5;-80;-80;-80;-80;-80
19:54:08.578;-80;-80;-59;-80;-80;-80;-80;-80
19:54:09.421;-80;-80;-57.5;-80;-80;-80;-80;-80
19:54:09.671;-80;-80;-60;-80;-80;-80;-80;-80
19:54:09.875;-80;-80;-60.5;-80;-80;-80;-80;-80
19:54:10.062;-80;-80;-58.5;-80;-80;-80;-80;-80
19:54:10.296;-80;-80;-61.5;-80;-80;-80;-80;-80
19:54:10.546;-80;-80;-60;-80;-80;-80;-80;-80
19:54:10.812;-80;-80;-58;-80;-80;-80;-80;-80
19:54:11.015;-80;-80;-58;-80;-80;-80;-80;-80
19:54:11.156;-80;-80;-59;-80;-80;-80;-80;-80
19:54:11.531;-80;-80;-59;-80;-80;-80;-80;-80
19:54:11.812;-80;-80;-59;-80;-80;-80;-80;-80
19:54:12.062;-80;-80;-58.5;-80;-80;-80;-80;-80
19:54:12.296;-80;-80;-59;-80;-80;-80;-80;-80
19:54:12.312;-80;-80;-57.5;-80;-80;-80;-80;-80
19:54:12.546;-80;-80;-59;-80;-80;-80;-80;-80
19:54:12.781;-80;-80;-59.5;-80;-80;-80;-80;-80
19:54:13.046;-80;-80;-59.5;-80;-80;-80;-80;-80
19:54:13.546;-80;-80;-59;-80;-80;-80;-80;-80
19:54:13.765;-80;-58.5;-80;-80;-80;-80;-80;-80
19:54:13.765;-80;-80;-58;-80;-80;-80;-80;-80
19:54:14.062;-80;-80;-58;-80;-80;-80;-80;-80
19:54:14.375;-80;-80;-57;-80;-80;-80;-80;-80
19:54:14.421;-80;-80;-57;-80;-80;-80;-80;-80
19:54:14.578;-80;-80;-59;-80;-80;-80;-80;-80
19:54:14.671;-80;-80;-56.5;-80;-80;-80;-80;-80
19:54:14.812;-80;-80;-57;-80;-80;-80;-80;-80
19:54:14.921;-80;-80;-55.5;-80;-80;-80;-80;-80
19:54:15.093;-58.5;-80;-80;-80;-80;-80;-80;-80
19:54:15.312;-80;-80;-58;-80;-80;-80;-80;-80
19:54:15.421;-80;-80;-59;-80;-80;-80;-80;-80
19:54:15.640;-80;-80;-56;-80;-80;-80;-80;-80
19:54:15.828;-80;-80;-57.5;-80;-80;-80;-80;-80
19:54:15.843;-80;-80;-80;-57;-80;-80;-80;-80
19:54:16.109;-80;-80;-57.5;-80;-80;-80;-80;-80
19:54:16.250;-80;-80;-59;-80;-80;-80;-80;-80
19:54:16.421;-80;-80;-80;-58.5;-80;-80;-80;-80
19:54:16.593;-80;-80;-57;-80;-80;-80;-80;-80
19:54:16.625;-80;-80;-57.5;-80;-80;-80;-80;-80
19:54:16.875;-80;-80;-57.5;-80;-80;-80;-80;-80
19:54:17.062;-80;-80;-56;-80;-80;-80;-80;-80
19:54:17.171;-80;-80;-57.5;-80;-80;-80;-80;-80
19:54:17.437;-80;-80;-80;-56;-80;-80;-80;-80
19:54:17.671;-80;-80;-80;-58;-80;-80;-80;-80
19:54:17.828;-80;-80;-57;-80;-80;-80;-80;-80
19:54:17.921;-80;-80;-57;-80;-80;-80;-80;-80
19:54:18.171;-80;-80;-80;-58;-80;-80;-80;-80
19:54:18.296;-80;-80;-60.5;-80;-80;-80;-80;-80
19:54:18.546;-80;-80;-58.5;-80;-80;-80;-80;-80
19:54:19.187;-80;-80;-80;-57;-80;-80;-80;-80
19:54:19.312;-80;-80;-57.5;-80;-80;-80;-80;-80
19:54:19.578;-80;-80;-57.5;-80;-80;-80;-80;-80
19:54:19.671;-57;-80;-80;-80;-80;-80;-80;-80
19:54:19.828;-59.5;-80;-80;-80;-80;-80;-80;-80
19:54:19.828;-80;-80;-58;-80;-80;-80;-80;-80
19:54:20.109;-80;-80;-80;-57;-80;-80;-80;-80
19:54:20.171;-80;-80;-80;-58;-80;-80;-80;-80
19:54:20.328;-80;-80;-57;-80;-80;-80;-80;-80
19:54:20.421;-80;-80;-60;-80;-80;-80;-80;-80
19:54:20.671;-80;-80;-80;-59;-80;-80;-80;-80
19:54:20.828;-80;-80;-57;-80;-80;-80;-80;-80
19:54:21.109;-80;-80;-58;-80;-80;-80;-80;-80
19:54:21.312;-80;-80;-59;-80;-80;-80;-80;-80
19:54:21.421;-80;-80;-58;-80;-80;-80;-80;-80
19:54:21.625;-80;-80;-57;-80;-80;-80;-80;-80
19:54:21.671;-80;-80;-58.5;-80;-80;-80;-80;-80
19:54:21.796;-57.5;-80;-80;-80;-80;-80;-80;-80
19:54:21.937;-80;-80;-58.5;-80;-80;-80;-80;-80
19:54:22.171;-80;-80;-57.5;-80;-80;-80;-80;-80
19:54:22.421;-80;-80;-58;-80;-80;-80;-80;-80
19:54:22.562;-80;-80;-58;-80;-80;-80;-80;-80
19:54:22.671;-80;-80;-56.5;-80;-80;-80;-80;-80
19:54:22.828;-80;-80;-57.5;-80;-80;-80;-80;-80
19:54:22.921;-80;-80;-58.5;-80;-80;-80;-80;-80
19:54:23.093;-80;-80;-59.5;-80;-80;-80;-80;-80
19:54:23.171;-80;-80;-56.5;-80;-80;-80;-80;-80
19:54:23.343;-80;-80;-57.5;-80;-80;-80;-80;-80
19:54:23.562;-80;-80;-80;-58.5;-80;-80;-80;-80
19:54:23.671;-80;-80;-58.5;-80;-80;-80;-80;-80
19:54:23.906;-80;-80;-60.5;-80;-80;-80;-80;-80
19:54:24.078;-60.5;-80;-80;-80;-80;-80;-80;-80
19:54:24.078;-80;-80;-58;-80;-80;-80;-80;-80
19:54:24.171;-80;-80;-59;-80;-80;-80;-80;-80
19:54:24.437;-80;-80;-58;-80;-80;-80;-80;-80
19:54:24.671;-80;-80;-59;-80;-80;-80;-80;-80
19:54:24.781;-80;-80;-80;-57.5;-80;-80;-80;-80
19:54:24.921;-80;-80;-57;-80;-80;-80;-80;-80
19:54:25.109;-80;-80;-58.5;-80;-80;-80;-80;-80
19:54:25.671;-80;-80;-55;-80;-80;-80;-80;-80
19:54:25.843;-80;-56;-80;-80;-80;-80;-80;-80
19:54:25.843;-80;-80;-57;-80;-80;-80;-80;-80
19:54:25.921;-80;-57;-80;-80;-80;-80;-80;-80
19:54:26.343;-80;-80;-58;-80;-80;-80;-80;-80
19:54:26.546;-80;-80;-57.5;-80;-80;-80;-80;-80
19:54:26.671;-80;-57;-80;-80;-80;-80;-80;-80
19:54:26.843;-80;-80;-57;-80;-80;-80;-80;-80
19:54:27.046;-80;-80;-57;-80;-80;-80;-80;-80
19:54:27.296;-80;-80;-57;-80;-80;-80;-80;-80
19:54:27.593;-80;-80;-58.5;-80;-80;-80;-80;-80
19:54:27.593;-80;-80;-80;-57.5;-80;-80;-80;-80
19:54:27.750;-80;-58;-80;-80;-80;-80;-80;-80
19:54:27.906;-80;-80;-80;-57.5;-80;-80;-80;-80
19:54:28.031;-80;-80;-58.5;-80;-80;-80;-80;-80
19:54:28.562;-80;-80;-59.5;-80;-80;-80;-80;-80
19:54:28.828;-80;-80;-60;-80;-80;-80;-80;-80
19:54:29.015;-80;-58;-80;-80;-80;-80;-80;-80
19:54:29.281;-80;-55.5;-80;-80;-80;-80;-80;-80
19:54:29.562;-80;-80;-57;-80;-80;-80;-80;-80
19:54:29.843;-80;-57.5;-80;-80;-80;-80;-80;-80
19:54:29.843;-80;-80;-57;-80;-80;-80;-80;-80
19:54:30.078;-80;-80;-57;-80;-80;-80;-80;-80
19:54:30.171;-80;-80;-58;-80;-80;-80;-80;-80
19:54:30.171;-80;-80;-80;-59;-80;-80;-80;-80
19:54:30.343;-80;-56.5;-80;-80;-80;-80;-80;-80
19:54:30.343;-80;-80;-80;-57.5;-80;-80;-80;-80
19:54:30.421;-80;-80;-56.5;-80;-80;-80;-80;-80
19:54:30.671;-80;-80;-58;-80;-80;-80;-80;-80
19:54:30.859;-80;-80;-56.5;-80;-80;-80;-80;-80
19:54:31.093;-80;-80;-61;-80;-80;-80;-80;-80
19:54:31.296;-80;-80;-58.5;-80;-80;-80;-80;-80
19:54:31.515;-80;-80;-56.5;-80;-80;-80;-80;-80
19:54:31.812;-80;-80;-58.5;-80;-80;-80;-80;-80
19:54:32.078;-80;-80;-58;-80;-80;-80;-80;-80
19:54:32.312;-80;-80;-58.5;-80;-80;-80;-80;-80
19:54:32.531;-80;-80;-56.5;-80;-80;-80;-80;-80
19:54:32.687;-80;-80;-56.5;-80;-80;-80;-80;-80
19:54:32.921;-80;-80;-59;-80;-80;-80;-80;-80
19:54:33.062;-80;-80;-57.5;-80;-80;-80;-80;-80
19:54:33.187;-80;-80;-58;-80;-80;-80;-80;-80
19:54:33.343;-80;-80;-57;-80;-80;-80;-80;-80
19:54:33.421;-80;-80;-57.5;-80;-80;-80;-80;-80
19:54:33.640;-80;-80;-58;-80;-80;-80;-80;-80
19:54:33.921;-80;-80;-57.5;-80;-80;-80;-80;-80
19:54:34.171;-80;-80;-58;-80;-80;-80;-80;-80
19:54:34.421;-80;-80;-60;-80;-80;-80;-80;-80
19:54:34.640;-80;-80;-59.5;-80;-80;-80;-80;-80
19:54:34.671;-80;-80;-58.5;-80;-80;-80;-80;-80
19:54:34.953;-80;-80;-57;-80;-80;-80;-80;-80
19:54:35.062;-80;-80;-58.5;-80;-80;-80;-80;-80
19:54:35.328;-80;-80;-58.5;-80;-80;-80;-80;-80
19:54:35.546;-80;-80;-60;-80;-80;-80;-80;-80
19:54:35.687;-80;-80;-56;-80;-80;-80;-80;-80
19:54:35.812;-80;-80;-58;-80;-80;-80;-80;-80
19:54:36.093;-80;-80;-57;-80;-80;-80;-80;-80
19:54:36.328;-80;-80;-58;-80;-80;-80;-80;-80
19:54:36.531;-80;-80;-58.5;-80;-80;-80;-80;-80
19:54:36.796;-80;-80;-59.5;-80;-80;-80;-80;-80
19:54:37.015;-80;-80;-58.5;-80;-80;-80;-80;-80
19:54:37.343;-80;-80;-57.5;-80;-80;-80;-80;-80
19:54:37.578;-80;-80;-60;-80;-80;-80;-80;-80
19:54:37.812;-80;-80;-59.5;-80;-80;-80;-80;-80
19:54:38.093;-80;-80;-59.5;-80;-80;-80;-80;-80
19:54:38.359;-80;-80;-59;-80;-80;-80;-80;-80
19:54:38.609;-80;-80;-57.5;-80;-80;-80;-80;-80
19:54:38.671;-80;-80;-57;-80;-80;-80;-80;-80
19:54:38.921;-80;-80;-57.5;-80;-80;-80;-80;-80
19:54:39.046;-80;-80;-58;-80;-80;-80;-80;-80
19:54:39.171;-80;-80;-57.5;-80;-80;-80;-80;-80
19:54:39.562;-80;-80;-58;-80;-80;-80;-80;-80
19:54:39.781;-80;-80;-57.5;-80;-80;-80;-80;-80
19:54:40.046;-80;-80;-59;-80;-80;-80;-80;-80
19:54:40.359;-80;-80;-58.5;-80;-80;-80;-80;-80
19:54:40.546;-80;-80;-56.5;-80;-80;-80;-80;-80
19:54:40.671;-80;-58.5;-80;-80;-80;-80;-80;-80
19:54:40.859;-80;-80;-59;-80;-80;-80;-80;-80
19:54:41.062;-80;-80;-57;-80;-80;-80;-80;-80
19:54:41.328;-80;-80;-57.5;-80;-80;-80;-80;-80
19:54:41.609;-80;-80;-56;-80;-80;-80;-80;-80
19:54:41.890;-80;-80;-57;-80;-80;-80;-80;-80
19:54:41.890;-80;-80;-80;-56.5;-80;-80;-80;-80
19:54:42.078;-80;-80;-56.5;-80;-80;-80;-80;-80
19:54:42.171;-51;-80;-80;-80;-80;-80;-80;-80
19:54:42.296;-51;-80;-80;-80;-80;-80;-80;-80
19:54:42.453;-55.5;-80;-80;-80;-80;-80;-80;-80
19:54:42.687;-55.5;-80;-80;-80;-80;-80;-80;-80
19:54:42.859;-80;-80;-56.5;-80;-80;-80;-80;-80
19:54:42.859;-80;-80;-80;-58.5;-80;-80;-80;-80
19:54:42.921;-48;-80;-80;-80;-80;-80;-80;-80
19:54:42.921;-80;-80;-80;-57.5;-80;-80;-80;-80
19:54:43.046;-48;-80;-80;-80;-80;-80;-80;-80
19:54:43.046;-80;-80;-56.5;-80;-80;-80;-80;-80
19:54:43.187;-44;-80;-80;-80;-80;-80;-80;-80
19:54:43.187;-80;-80;-55.5;-80;-80;-80;-80;-80
19:54:43.187;-80;-80;-80;-53.5;-80;-80;-80;-80
19:54:43.312;-44;-80;-80;-80;-80;-80;-80;-80
19:54:43.312;-80;-80;-58.5;-80;-80;-80;-80;-80
19:54:43.421;-80;-80;-60;-80;-80;-80;-80;-80
19:54:43.421;-80;-80;-80;-56;-80;-80;-80;-80
19:54:43.531;-45.5;-80;-80;-80;-80;-80;-80;-80
19:54:43.671;-80;-80;-58;-80;-80;-80;-80;-80
19:54:43.671;-80;-80;-80;-55.5;-80;-80;-80;-80
19:54:43.781;-46;-80;-80;-80;-80;-80;-80;-80
19:54:43.781;-80;-56.5;-80;-80;-80;-80;-80;-80
19:54:43.890;-80;-80;-55.5;-80;-80;-80;-80;-80
19:54:43.890;-80;-80;-80;-57;-80;-80;-80;-80
19:54:43.921;-80;-80;-80;-57.5;-80;-80;-80;-80
19:54:44.078;-49.5;-80;-80;-80;-80;-80;-80;-80
19:54:44.078;-80;-55;-80;-80;-80;-80;-80;-80
19:54:44.140;-80;-80;-53;-80;-80;-80;-80;-80
19:54:44.140;-80;-80;-80;-51.5;-80;-80;-80;-80
19:54:44.171;-80;-80;-80;-50.5;-80;-80;-80;-80
19:54:44.312;-49.5;-80;-80;-80;-80;-80;-80;-80
19:54:44.312;-80;-53;-80;-80;-80;-80;-80;-80
19:54:44.312;-80;-80;-53;-80;-80;-80;-80;-80
19:54:44.421;-80;-80;-52.5;-80;-80;-80;-80;-80
19:54:44.421;-80;-80;-80;-49;-80;-80;-80;-80
19:54:44.546;-53.5;-80;-80;-80;-80;-80;-80;-80
19:54:44.546;-80;-53;-80;-80;-80;-80;-80;-80
19:54:44.546;-80;-80;-51.5;-80;-80;-80;-80;-80
19:54:44.687;-80;-80;-53.5;-80;-80;-80;-80;-80
19:54:44.687;-80;-80;-80;-50;-80;-80;-80;-80
19:54:44.812;-51.5;-80;-80;-80;-80;-80;-80;-80
19:54:44.812;-80;-80;-52;-80;-80;-80;-80;-80
19:54:44.921;-49;-80;-80;-80;-80;-80;-80;-80
19:54:44.921;-80;-80;-52.5;-80;-80;-80;-80;-80
19:54:44.921;-80;-80;-80;-54.5;-80;-80;-80;-80
19:54:45.078;-48.5;-80;-80;-80;-80;-80;-80;-80
19:54:45.078;-80;-80;-49.5;-80;-80;-80;-80;-80
19:54:45.171;-80;-80;-51;-80;-80;-80;-80;-80
19:54:45.171;-80;-80;-80;-57.5;-80;-80;-80;-80
19:54:45.296;-44;-80;-80;-80;-80;-80;-80;-80
19:54:45.296;-80;-44.5;-80;-80;-80;-80;-80;-80
19:54:45.437;-80;-80;-58.5;-80;-80;-80;-80;-80
19:54:45.437;-80;-80;-80;-58.5;-80;-80;-80;-80
19:54:45.531;-80;-40;-80;-80;-80;-80;-80;-80
19:54:45.531;-80;-40.5;-80;-80;-80;-80;-80;-80
19:54:45.671;-80;-80;-52.5;-80;-80;-80;-80;-80
19:54:45.671;-80;-80;-80;-54.5;-80;-80;-80;-80
19:54:45.796;-80;-43.5;-80;-80;-80;-80;-80;-80
19:54:45.796;-80;-80;-47;-80;-80;-80;-80;-80
19:54:45.906;-55;-80;-80;-80;-80;-80;-80;-80
19:54:45.906;-80;-80;-47;-80;-80;-80;-80;-80
19:54:45.906;-80;-80;-80;-49.5;-80;-80;-80;-80
19:54:46.031;-54;-80;-80;-80;-80;-80;-80;-80
19:54:46.031;-80;-44;-80;-80;-80;-80;-80;-80
19:54:46.031;-80;-80;-53;-80;-80;-80;-80;-80
19:54:46.171;-51.5;-80;-80;-80;-80;-80;-80;-80
19:54:46.171;-80;-80;-52.5;-80;-80;-80;-80;-80
19:54:46.171;-80;-80;-80;-55;-80;-80;-80;-80
19:54:46.312;-80;-43.5;-80;-80;-80;-80;-80;-80
19:54:46.312;-80;-80;-53;-80;-80;-80;-80;-80
19:54:46.421;-50;-80;-80;-80;-80;-80;-80;-80
19:54:46.531;-49.5;-80;-80;-80;-80;-80;-80;-80
19:54:46.531;-80;-43.5;-80;-80;-80;-80;-80;-80
19:54:46.531;-80;-80;-48;-80;-80;-80;-80;-80
19:54:46.703;-49.5;-80;-80;-80;-80;-80;-80;-80
19:54:46.687;-80;-80;-47.5;-80;-80;-80;-80;-80
19:54:46.781;-80;-43.5;-80;-80;-80;-80;-80;-80
19:54:46.781;-80;-80;-53;-80;-80;-80;-80;-80
19:54:46.937;-48.5;-80;-80;-80;-80;-80;-80;-80
19:54:46.937;-80;-80;-52;-80;-80;-80;-80;-80
19:54:47.078;-48.5;-80;-80;-80;-80;-80;-80;-80
19:54:47.078;-80;-43.5;-80;-80;-80;-80;-80;-80
19:54:47.078;-80;-80;-49;-80;-80;-80;-80;-80
19:54:47.171;-80;-80;-48.5;-80;-80;-80;-80;-80
19:54:47.171;-80;-80;-80;-60.5;-80;-80;-80;-80
19:54:47.328;-50.5;-80;-80;-80;-80;-80;-80;-80
19:54:47.328;-80;-42.5;-80;-80;-80;-80;-80;-80
19:54:47.328;-80;-80;-47.5;-80;-80;-80;-80;-80
19:54:47.421;-80;-80;-48.5;-80;-80;-80;-80;-80
19:54:47.453;-51.5;-80;-80;-80;-80;-80;-80;-80
19:54:47.562;-80;-43;-80;-80;-80;-80;-80;-80
19:54:47.562;-80;-80;-47.5;-80;-80;-80;-80;-80
19:54:47.562;-80;-80;-80;-60;-80;-80;-80;-80
19:54:47.671;-50.5;-80;-80;-80;-80;-80;-80;-80
19:54:47.671;-80;-43;-80;-80;-80;-80;-80;-80
19:54:47.671;-80;-80;-80;-59;-80;-80;-80;-80
19:54:47.859;-48.5;-80;-80;-80;-80;-80;-80;-80
19:54:47.843;-80;-43.5;-80;-80;-80;-80;-80;-80
19:54:47.859;-80;-80;-49.5;-80;-80;-80;-80;-80
19:54:47.937;-48.5;-80;-80;-80;-80;-80;-80;-80
19:54:47.937;-80;-44;-80;-80;-80;-80;-80;-80
19:54:48.015;-80;-43.5;-80;-80;-80;-80;-80;-80
19:54:48.015;-80;-80;-50;-80;-80;-80;-80;-80
19:54:48.171;-49;-80;-80;-80;-80;-80;-80;-80
19:54:48.312;-80;-43;-80;-80;-80;-80;-80;-80
19:54:48.312;-80;-80;-49;-80;-80;-80;-80;-80
19:54:48.421;-51.5;-80;-80;-80;-80;-80;-80;-80
19:54:48.421;-80;-42;-80;-80;-80;-80;-80;-80
19:54:48.546;-80;-43.5;-80;-80;-80;-80;-80;-80
19:54:48.546;-80;-80;-54;-80;-80;-80;-80;-80
19:54:48.671;-48.5;-80;-80;-80;-80;-80;-80;-80
19:54:48.671;-80;-42;-80;-80;-80;-80;-80;-80
19:54:48.875;-49;-80;-80;-80;-80;-80;-80;-80
19:54:48.875;-80;-42;-80;-80;-80;-80;-80;-80
19:54:48.875;-80;-80;-55;-80;-80;-80;-80;-80
19:54:48.921;-49.5;-80;-80;-80;-80;-80;-80;-80
19:54:49.046;-80;-43;-80;-80;-80;-80;-80;-80
19:54:49.046;-80;-80;-56;-80;-80;-80;-80;-80
19:54:49.187;-53;-80;-80;-80;-80;-80;-80;-80
19:54:49.187;-80;-42.5;-80;-80;-80;-80;-80;-80
19:54:49.406;-49;-80;-80;-80;-80;-80;-80;-80
19:54:49.406;-80;-42.5;-80;-80;-80;-80;-80;-80
19:54:49.406;-80;-80;-54.5;-80;-80;-80;-80;-80
19:54:49.625;-46.5;-80;-80;-80;-80;-80;-80;-80
19:54:49.625;-80;-43.5;-80;-80;-80;-80;-80;-80
19:54:49.625;-80;-80;-57;-80;-80;-80;-80;-80
19:54:49.921;-50;-80;-80;-80;-80;-80;-80;-80
19:54:49.921;-80;-44;-80;-80;-80;-80;-80;-80
19:54:49.921;-80;-80;-53.5;-80;-80;-80;-80;-80
19:54:49.921;-80;-80;-80;-58.5;-80;-80;-80;-80
19:54:50.125;-49.5;-80;-80;-80;-80;-80;-80;-80
19:54:50.125;-80;-43.5;-80;-80;-80;-80;-80;-80
19:54:50.125;-80;-80;-53.5;-80;-80;-80;-80;-80
19:54:50.171;-80;-43.5;-80;-80;-80;-80;-80;-80
19:54:50.312;-48;-80;-80;-80;-80;-80;-80;-80
19:54:50.312;-80;-80;-54;-80;-80;-80;-80;-80
19:54:50.421;-80;-43;-80;-80;-80;-80;-80;-80
19:54:50.421;-80;-80;-53;-80;-80;-80;-80;-80
19:54:50.671;-46.5;-80;-80;-80;-80;-80;-80;-80
19:54:50.671;-80;-44;-80;-80;-80;-80;-80;-80
19:54:50.671;-80;-80;-59;-80;-80;-80;-80;-80
19:54:50.671;-80;-80;-80;-58.5;-80;-80;-80;-80
19:54:50.875;-48.5;-80;-80;-80;-80;-80;-80;-80
19:54:50.890;-80;-44;-80;-80;-80;-80;-80;-80
19:54:50.875;-80;-80;-55;-80;-80;-80;-80;-80
19:54:50.875;-80;-80;-80;-60;-80;-80;-80;-80
19:54:50.921;-80;-43;-80;-80;-80;-80;-80;-80
19:54:51.156;-49.5;-80;-80;-80;-80;-80;-80;-80
19:54:51.171;-80;-43;-80;-80;-80;-80;-80;-80
19:54:51.156;-80;-80;-54;-80;-80;-80;-80;-80
19:54:51.156;-80;-80;-80;-58.5;-80;-80;-80;-80
19:54:51.406;-49.5;-80;-80;-80;-80;-80;-80;-80
19:54:51.406;-80;-80;-52.5;-80;-80;-80;-80;-80
19:54:51.437;-80;-43;-80;-80;-80;-80;-80;-80
19:54:51.687;-47;-80;-80;-80;-80;-80;-80;-80
19:54:51.687;-80;-42.5;-80;-80;-80;-80;-80;-80
19:54:51.687;-80;-80;-55.5;-80;-80;-80;-80;-80
19:54:51.843;-80;-43.5;-80;-80;-80;-80;-80;-80
19:54:51.843;-80;-80;-57;-80;-80;-80;-80;-80
19:54:51.937;-48.5;-80;-80;-80;-80;-80;-80;-80
19:54:52.109;-80;-43.5;-80;-80;-80;-80;-80;-80
19:54:52.187;-49;-80;-80;-80;-80;-80;-80;-80
19:54:52.359;-48.5;-80;-80;-80;-80;-80;-80;-80
19:54:52.359;-80;-44;-80;-80;-80;-80;-80;-80
19:54:52.359;-80;-80;-59;-80;-80;-80;-80;-80
19:54:52.593;-47.5;-80;-80;-80;-80;-80;-80;-80
19:54:52.593;-80;-43;-80;-80;-80;-80;-80;-80
19:54:52.593;-80;-80;-53;-80;-80;-80;-80;-80
19:54:52.671;-80;-80;-52.5;-80;-80;-80;-80;-80
19:54:52.859;-47;-80;-80;-80;-80;-80;-80;-80
19:54:52.859;-80;-43;-80;-80;-80;-80;-80;-80
19:54:52.859;-80;-80;-55;-80;-80;-80;-80;-80
19:54:52.937;-80;-80;-53;-80;-80;-80;-80;-80
19:54:52.937;-80;-80;-80;-59;-80;-80;-80;-80
19:54:53.203;-47;-80;-80;-80;-80;-80;-80;-80
19:54:53.203;-80;-43;-80;-80;-80;-80;-80;-80
19:54:53.203;-80;-80;-53;-80;-80;-80;-80;-80
19:54:53.343;-48;-80;-80;-80;-80;-80;-80;-80
19:54:53.343;-80;-43;-80;-80;-80;-80;-80;-80
19:54:53.343;-80;-80;-54;-80;-80;-80;-80;-80
19:54:53.437;-80;-80;-53.5;-80;-80;-80;-80;-80
19:54:53.656;-47.5;-80;-80;-80;-80;-80;-80;-80
19:54:53.656;-80;-43.5;-80;-80;-80;-80;-80;-80
19:54:53.656;-80;-80;-60;-80;-80;-80;-80;-80
19:54:53.687;-80;-80;-59.5;-80;-80;-80;-80;-80
19:54:53.875;-48;-80;-80;-80;-80;-80;-80;-80
19:54:53.875;-80;-43;-80;-80;-80;-80;-80;-80
19:54:53.875;-80;-80;-58;-80;-80;-80;-80;-80
19:54:54.093;-43.5;-80;-80;-80;-80;-80;-80;-80
19:54:54.093;-80;-43;-80;-80;-80;-80;-80;-80
19:54:54.093;-80;-80;-58;-80;-80;-80;-80;-80
19:54:54.171;-80;-80;-57.5;-80;-80;-80;-80;-80
19:54:54.375;-48;-80;-80;-80;-80;-80;-80;-80
19:54:54.375;-80;-43;-80;-80;-80;-80;-80;-80
19:54:54.375;-80;-80;-59;-80;-80;-80;-80;-80
19:54:54.640;-47;-80;-80;-80;-80;-80;-80;-80
19:54:54.640;-80;-43;-80;-80;-80;-80;-80;-80
19:54:54.640;-80;-80;-55;-80;-80;-80;-80;-80
19:54:54.640;-80;-80;-80;-58;-80;-80;-80;-80
19:54:54.921;-47.5;-80;-80;-80;-80;-80;-80;-80
19:54:54.921;-80;-42.5;-80;-80;-80;-80;-80;-80
19:54:54.921;-80;-80;-52.5;-80;-80;-80;-80;-80
19:54:55.156;-48;-80;-80;-80;-80;-80;-80;-80
19:54:55.156;-80;-42;-80;-80;-80;-80;-80;-80
19:54:55.156;-80;-80;-54;-80;-80;-80;-80;-80
19:54:55.328;-51.5;-80;-80;-80;-80;-80;-80;-80
19:54:55.328;-80;-43.5;-80;-80;-80;-80;-80;-80
19:54:55.609;-49.5;-80;-80;-80;-80;-80;-80;-80
19:54:55.609;-80;-43;-80;-80;-80;-80;-80;-80
19:54:55.609;-80;-80;-53.5;-80;-80;-80;-80;-80
19:54:55.687;-80;-80;-53.5;-80;-80;-80;-80;-80
19:54:55.921;-48.5;-80;-80;-80;-80;-80;-80;-80
19:54:55.921;-80;-42.5;-80;-80;-80;-80;-80;-80
19:54:55.921;-80;-80;-52.5;-80;-80;-80;-80;-80
19:54:56.171;-48;-80;-80;-80;-80;-80;-80;-80
19:54:56.171;-80;-43.5;-80;-80;-80;-80;-80;-80
19:54:56.406;-45.5;-80;-80;-80;-80;-80;-80;-80
19:54:56.406;-80;-43;-80;-80;-80;-80;-80;-80
19:54:56.406;-80;-80;-56.5;-80;-80;-80;-80;-80
19:54:56.609;-46.5;-80;-80;-80;-80;-80;-80;-80
19:54:56.609;-80;-44;-80;-80;-80;-80;-80;-80
19:54:56.609;-80;-80;-55;-80;-80;-80;-80;-80
19:54:56.687;-80;-80;-54.5;-80;-80;-80;-80;-80
19:54:56.687;-80;-80;-80;-58.5;-80;-80;-80;-80
19:54:56.812;-49.5;-80;-80;-80;-80;-80;-80;-80
19:54:56.812;-80;-44;-80;-80;-80;-80;-80;-80
19:54:56.812;-80;-80;-80;-59;-80;-80;-80;-80
19:54:56.921;-80;-80;-53.5;-80;-80;-80;-80;-80
19:54:57.171;-48.5;-80;-80;-80;-80;-80;-80;-80
19:54:57.171;-80;-43;-80;-80;-80;-80;-80;-80
19:54:57.390;-50;-80;-80;-80;-80;-80;-80;-80
19:54:57.390;-80;-43.5;-80;-80;-80;-80;-80;-80
19:54:57.437;-80;-80;-53;-80;-80;-80;-80;-80
19:54:57.625;-50;-80;-80;-80;-80;-80;-80;-80
19:54:57.625;-80;-43;-80;-80;-80;-80;-80;-80
19:54:57.625;-80;-80;-50.5;-80;-80;-80;-80;-80
19:54:57.625;-80;-80;-80;-59;-80;-80;-80;-80
19:54:57.687;-80;-43;-80;-80;-80;-80;-80;-80
19:54:57.859;-50.5;-80;-80;-80;-80;-80;-80;-80
19:54:57.859;-80;-80;-51.5;-80;-80;-80;-80;-80
19:54:57.859;-80;-80;-80;-58;-80;-80;-80;-80
19:54:57.937;-51;-80;-80;-80;-80;-80;-80;-80
19:54:57.937;-80;-42.5;-80;-80;-80;-80;-80;-80
19:54:58.156;-53.5;-80;-80;-80;-80;-80;-80;-80
19:54:58.156;-80;-43;-80;-80;-80;-80;-80;-80
19:54:58.156;-80;-80;-53;-80;-80;-80;-80;-80
19:54:58.312;-49;-80;-80;-80;-80;-80;-80;-80
19:54:58.312;-80;-80;-53.5;-80;-80;-80;-80;-80
19:54:58.437;-51;-80;-80;-80;-80;-80;-80;-80
19:54:58.437;-80;-42.5;-80;-80;-80;-80;-80;-80
19:54:58.640;-52;-80;-80;-80;-80;-80;-80;-80
19:54:58.640;-80;-42;-80;-80;-80;-80;-80;-80
19:54:58.640;-80;-80;-56;-80;-80;-80;-80;-80
19:54:58.671;-80;-41.5;-80;-80;-80;-80;-80;-80
19:54:58.906;-47.5;-80;-80;-80;-80;-80;-80;-80
19:54:58.906;-80;-43;-80;-80;-80;-80;-80;-80
19:54:58.906;-80;-80;-51.5;-80;-80;-80;-80;-80
19:54:58.937;-80;-43;-80;-80;-80;-80;-80;-80
19:54:59.109;-50;-80;-80;-80;-80;-80;-80;-80
19:54:59.109;-80;-80;-55.5;-80;-80;-80;-80;-80
19:54:59.171;-80;-42;-80;-80;-80;-80;-80;-80
19:54:59.406;-50;-80;-80;-80;-80;-80;-80;-80
19:54:59.406;-80;-42.5;-80;-80;-80;-80;-80;-80
19:54:59.406;-80;-80;-55;-80;-80;-80;-80;-80
19:54:59.421;-50;-80;-80;-80;-80;-80;-80;-80
19:54:59.656;-80;-42;-80;-80;-80;-80;-80;-80
19:54:59.656;-80;-80;-55;-80;-80;-80;-80;-80
19:54:59.859;-48.5;-80;-80;-80;-80;-80;-80;-80
19:54:59.859;-80;-41.5;-80;-80;-80;-80;-80;-80
19:54:59.859;-80;-80;-55;-80;-80;-80;-80;-80
19:54:59.921;-80;-80;-55;-80;-80;-80;-80;-80
19:55:00.171;-54;-80;-80;-80;-80;-80;-80;-80
19:55:00.171;-80;-41.5;-80;-80;-80;-80;-80;-80
19:55:00.187;-80;-80;-53.5;-80;-80;-80;-80;-80
19:55:00.421;-52;-80;-80;-80;-80;-80;-80;-80
19:55:00.421;-80;-43;-80;-80;-80;-80;-80;-80
19:55:00.437;-80;-80;-54.5;-80;-80;-80;-80;-80
19:55:00.437;-80;-80;-53.5;-80;-80;-80;-80;-80
19:55:00.640;-52.5;-80;-80;-80;-80;-80;-80;-80
19:55:00.640;-80;-42.5;-80;-80;-80;-80;-80;-80
19:55:00.640;-80;-80;-52.5;-80;-80;-80;-80;-80
19:55:00.859;-54;-80;-80;-80;-80;-80;-80;-80
19:55:00.859;-80;-43;-80;-80;-80;-80;-80;-80
19:55:00.859;-80;-80;-54;-80;-80;-80;-80;-80
19:55:00.921;-80;-80;-53;-80;-80;-80;-80;-80
19:55:01.125;-53;-80;-80;-80;-80;-80;-80;-80
19:55:01.125;-80;-42.5;-80;-80;-80;-80;-80;-80
19:55:01.125;-80;-80;-54;-80;-80;-80;-80;-80
19:55:01.187;-80;-80;-53.5;-80;-80;-80;-80;-80
19:55:01.437;-53;-80;-80;-80;-80;-80;-80;-80
19:55:01.437;-80;-41;-80;-80;-80;-80;-80;-80
19:55:01.437;-80;-80;-53;-80;-80;-80;-80;-80
19:55:01.671;-53;-80;-80;-80;-80;-80;-80;-80
19:55:01.687;-80;-41;-80;-80;-80;-80;-80;-80
19:55:01.687;-80;-80;-54.5;-80;-80;-80;-80;-80
19:55:01.843;-53;-80;-80;-80;-80;-80;-80;-80
19:55:01.843;-80;-41;-80;-80;-80;-80;-80;-80
19:55:01.843;-80;-80;-52.5;-80;-80;-80;-80;-80
19:55:01.921;-80;-80;-53;-80;-80;-80;-80;-80
19:55:02.140;-48.5;-80;-80;-80;-80;-80;-80;-80
19:55:02.140;-80;-42;-80;-80;-80;-80;-80;-80
19:55:02.140;-80;-80;-51.5;-80;-80;-80;-80;-80
19:55:02.343;-47.5;-80;-80;-80;-80;-80;-80;-80
19:55:02.343;-80;-41.5;-80;-80;-80;-80;-80;-80
19:55:02.343;-80;-80;-52;-80;-80;-80;-80;-80
19:55:02.421;-80;-80;-52.5;-80;-80;-80;-80;-80
19:55:02.593;-50;-80;-80;-80;-80;-80;-80;-80
19:55:02.593;-80;-42;-80;-80;-80;-80;-80;-80
19:55:02.593;-80;-80;-53;-80;-80;-80;-80;-80
19:55:02.671;-80;-80;-51;-80;-80;-80;-80;-80
19:55:02.875;-51.5;-80;-80;-80;-80;-80;-80;-80
19:55:02.875;-80;-41;-80;-80;-80;-80;-80;-80
19:55:02.875;-80;-80;-50;-80;-80;-80;-80;-80
19:55:02.937;-80;-80;-51.5;-80;-80;-80;-80;-80
19:55:03.093;-52;-80;-80;-80;-80;-80;-80;-80
19:55:03.109;-80;-43;-80;-80;-80;-80;-80;-80
19:55:03.109;-80;-80;-52.5;-80;-80;-80;-80;-80
19:55:03.171;-50.5;-80;-80;-80;-80;-80;-80;-80
19:55:03.171;-80;-80;-51.5;-80;-80;-80;-80;-80
19:55:03.328;-51;-80;-80;-80;-80;-80;-80;-80
19:55:03.328;-80;-42.5;-80;-80;-80;-80;-80;-80
19:55:03.328;-80;-80;-51.5;-80;-80;-80;-80;-80
19:55:03.421;-51.5;-80;-80;-80;-80;-80;-80;-80
19:55:03.593;-51.5;-80;-80;-80;-80;-80;-80;-80
19:55:03.593;-80;-43.5;-80;-80;-80;-80;-80;-80
19:55:03.593;-80;-80;-52;-80;-80;-80;-80;-80
19:55:03.687;-80;-43.5;-80;-80;-80;-80;-80;-80
19:55:03.687;-80;-43;-80;-80;-80;-80;-80;-80
19:55:03.843;-51.5;-80;-80;-80;-80;-80;-80;-80
19:55:03.859;-80;-43.5;-80;-80;-80;-80;-80;-80
19:55:03.843;-80;-80;-51.5;-80;-80;-80;-80;-80
19:55:03.921;-80;-43.5;-80;-80;-80;-80;-80;-80
19:55:03.921;-80;-80;-54;-80;-80;-80;-80;-80
19:55:04.109;-49.5;-80;-80;-80;-80;-80;-80;-80
19:55:04.109;-80;-80;-51.5;-80;-80;-80;-80;-80
19:55:04.140;-80;-43.5;-80;-80;-80;-80;-80;-80
19:55:04.171;-80;-80;-51.5;-80;-80;-80;-80;-80
19:55:04.328;-45;-80;-80;-80;-80;-80;-80;-80
19:55:04.328;-80;-43.5;-80;-80;-80;-80;-80;-80
19:55:04.328;-80;-80;-53;-80;-80;-80;-80;-80
19:55:04.421;-80;-80;-53.5;-80;-80;-80;-80;-80
19:55:04.609;-49.5;-80;-80;-80;-80;-80;-80;-80
19:55:04.609;-80;-43.5;-80;-80;-80;-80;-80;-80
19:55:04.609;-80;-80;-53;-80;-80;-80;-80;-80
19:55:04.703;-80;-80;-54;-80;-80;-80;-80;-80
19:55:04.828;-50.5;-80;-80;-80;-80;-80;-80;-80
19:55:04.828;-80;-44;-80;-80;-80;-80;-80;-80
19:55:04.828;-80;-80;-52;-80;-80;-80;-80;-80
19:55:04.937;-80;-80;-53;-80;-80;-80;-80;-80
19:55:05.062;-52;-80;-80;-80;-80;-80;-80;-80
19:55:05.062;-80;-43;-80;-80;-80;-80;-80;-80
19:55:05.078;-80;-80;-53.5;-80;-80;-80;-80;-80
19:55:05.171;-52;-80;-80;-80;-80;-80;-80;-80
19:55:05.437;-52.5;-80;-80;-80;-80;-80;-80;-80
19:55:05.421;-80;-42;-80;-80;-80;-80;-80;-80
19:55:05.437;-80;-80;-52;-80;-80;-80;-80;-80
19:55:05.656;-53;-80;-80;-80;-80;-80;-80;-80
19:55:05.656;-80;-43.5;-80;-80;-80;-80;-80;-80
19:55:05.656;-80;-80;-56;-80;-80;-80;-80;-80
