timestamp;rssi1;rssi2;rssi3;rssi4;rssi5;rssi6;rssi7;rssi8;
19:56:55.437;-52.5;-80;-80;-80;-80;-80;-80;-80
19:56:55.593;-54;-80;-80;-80;-80;-80;-80;-80
19:56:55.687;-54;-80;-80;-80;-80;-80;-80;-80
19:56:55.687;-80;-57;-80;-80;-80;-80;-80;-80
19:56:55.937;-52.5;-80;-80;-80;-80;-80;-80;-80
19:56:56.093;-53;-80;-80;-80;-80;-80;-80;-80
19:56:56.187;-53;-80;-80;-80;-80;-80;-80;-80
19:56:56.328;-53;-80;-80;-80;-80;-80;-80;-80
19:56:56.843;-55;-80;-80;-80;-80;-80;-80;-80
19:56:57.125;-54;-80;-80;-80;-80;-80;-80;-80
19:56:57.359;-55;-80;-80;-80;-80;-80;-80;-80
19:56:57.359;-80;-57.5;-80;-80;-80;-80;-80;-80
19:56:57.593;-55.5;-80;-80;-80;-80;-80;-80;-80
19:56:57.593;-80;-56.5;-80;-80;-80;-80;-80;-80
19:56:57.859;-55;-80;-80;-80;-80;-80;-80;-80
19:56:58.093;-80;-57.5;-80;-80;-80;-80;-80;-80
19:56:58.187;-80;-57.5;-80;-80;-80;-80;-80;-80
19:56:58.390;-57;-80;-80;-80;-80;-80;-80;-80
19:56:58.390;-80;-56;-80;-80;-80;-80;-80;-80
19:56:58.640;-54;-80;-80;-80;-80;-80;-80;-80
19:56:58.921;-51.5;-80;-80;-80;-80;-80;-80;-80
19:56:58.921;-80;-57.5;-80;-80;-80;-80;-80;-80
19:56:59.187;-80;-55;-80;-80;-80;-80;-80;-80
19:56:59.343;-55.5;-80;-80;-80;-80;-80;-80;-80
19:56:59.437;-80;-54.5;-80;-80;-80;-80;-80;-80
19:56:59.687;-80;-56.5;-80;-80;-80;-80;-80;-80
19:56:59.828;-51;-80;-80;-80;-80;-80;-80;-80
19:57:00.109;-52;-80;-80;-80;-80;-80;-80;-80
19:57:00.109;-80;-52;-80;-80;-80;-80;-80;-80
19:57:00.421;-80;-59;-80;-80;-80;-80;-80;-80
19:57:00.687;-52;-80;-80;-80;-80;-80;-80;-80
19:57:00.906;-52.5;-80;-80;-80;-80;-80;-80;-80
19:57:00.906;-80;-55.5;-80;-80;-80;-80;-80;-80
19:57:00.906;-80;-55;-80;-80;-80;-80;-80;-80
19:57:01.187;-52;-80;-80;-80;-80;-80;-80;-80
19:57:01.187;-80;-54.5;-80;-80;-80;-80;-80;-80
19:57:01.359;-57;-80;-80;-80;-80;-80;-80;-80
19:57:01.359;-80;-53;-80;-80;-80;-80;-80;-80
19:57:01.656;-52.5;-80;-80;-80;-80;-80;-80;-80
19:57:01.656;-80;-56;-80;-80;-80;-80;-80;-80
19:57:01.906;-51;-80;-80;-80;-80;-80;-80;-80
19:57:01.906;-80;-55.5;-80;-80;-80;-80;-80;-80
19:57:02.187;-54.5;-80;-80;-80;-80;-80;-80;-80
19:57:02.187;-80;-55.5;-80;-80;-80;-80;-80;-80
19:57:02.437;-55;-80;-80;-80;-80;-80;-80;-80
19:57:02.687;-53.5;-80;-80;-80;-80;-80;-80;-80
19:57:02.687;-80;-57.5;-80;-80;-80;-80;-80;-80
19:57:02.906;-53.5;-80;-80;-80;-80;-80;-80;-80
19:57:02.906;-80;-56;-80;-80;-80;-80;-80;-80
19:57:03.187;-53;-80;-80;-80;-80;-80;-80;-80
19:57:03.187;-80;-56;-80;-80;-80;-80;-80;-80
19:57:03.437;-56.5;-80;-80;-80;-80;-80;-80;-80
19:57:03.687;-53;-80;-80;-80;-80;-80;-80;-80
19:57:03.687;-80;-57.5;-80;-80;-80;-80;-80;-80
19:57:03.890;-54.5;-80;-80;-80;-80;-80;-80;-80
19:57:03.890;-80;-55;-80;-80;-80;-80;-80;-80
19:57:04.156;-53;-80;-80;-80;-80;-80;-80;-80
19:57:04.156;-80;-56.5;-80;-80;-80;-80;-80;-80
19:57:04.187;-52.5;-80;-80;-80;-80;-80;-80;-80
19:57:04.437;-53;-80;-80;-80;-80;-80;-80;-80
19:57:04.687;-56;-80;-80;-80;-80;-80;-80;-80
19:57:04.937;-53;-80;-80;-80;-80;-80;-80;-80
19:57:05.187;-54;-80;-80;-80;-80;-80;-80;-80
19:57:05.406;-53.5;-80;-80;-80;-80;-80;-80;-80
19:57:05.406;-80;-56;-80;-80;-80;-80;-80;-80
19:57:05.687;-53;-80;-80;-80;-80;-80;-80;-80
19:57:05.921;-52.5;-80;-80;-80;-80;-80;-80;-80
19:57:05.921;-80;-56;-80;-80;-80;-80;-80;-80
19:57:06.171;-52.5;-80;-80;-80;-80;-80;-80;-80
19:57:06.171;-80;-58.5;-80;-80;-80;-80;-80;-80
19:57:06.421;-54.5;-80;-80;-80;-80;-80;-80;-80
19:57:06.437;-54;-80;-80;-80;-80;-80;-80;-80
19:57:06.703;-57;-80;-80;-80;-80;-80;-80;-80
19:57:06.906;-53.5;-80;-80;-80;-80;-80;-80;-80
19:57:07.187;-52.5;-80;-80;-80;-80;-80;-80;-80
19:57:07.406;-53.5;-80;-80;-80;-80;-80;-80;-80
19:57:07.437;-80;-57;-80;-80;-80;-80;-80;-80
19:57:07.640;-54;-80;-80;-80;-80;-80;-80;-80
19:57:07.640;-80;-56;-80;-80;-80;-80;-80;-80
19:57:07.687;-80;-55.5;-80;-80;-80;-80;-80;-80
19:57:07.937;-54;-80;-80;-80;-80;-80;-80;-80
19:57:08.093;-52;-80;-80;-80;-80;-80;-80;-80
19:57:08.187;-80;-55.5;-80;-80;-80;-80;-80;-80
19:57:08.328;-54;-80;-80;-80;-80;-80;-80;-80
19:57:08.437;-80;-55.5;-80;-80;-80;-80;-80;-80
19:57:08.437;-80;-80;-57.5;-80;-80;-80;-80;-80
19:57:08.640;-54.5;-80;-80;-80;-80;-80;-80;-80
19:57:08.640;-80;-56;-80;-80;-80;-80;-80;-80
19:57:08.640;-80;-80;-59.5;-80;-80;-80;-80;-80
19:57:08.687;-80;-80;-59.5;-80;-80;-80;-80;-80
19:57:08.906;-54;-80;-80;-80;-80;-80;-80;-80
19:57:09.093;-55.5;-80;-80;-80;-80;-80;-80;-80
19:57:09.093;-80;-58.5;-80;-80;-80;-80;-80;-80
19:57:09.375;-80;-55.5;-80;-80;-80;-80;-80;-80
19:57:09.593;-57;-80;-80;-80;-80;-80;-80;-80
19:57:09.593;-80;-57;-80;-80;-80;-80;-80;-80
19:57:09.703;-53.5;-80;-80;-80;-80;-80;-80;-80
19:57:09.859;-55;-80;-80;-80;-80;-80;-80;-80
19:57:09.859;-80;-55.5;-80;-80;-80;-80;-80;-80
19:57:09.937;-53;-80;-80;-80;-80;-80;-80;-80
19:57:10.187;-53;-80;-80;-80;-80;-80;-80;-80
19:57:10.187;-80;-55;-80;-80;-80;-80;-80;-80
19:57:10.437;-80;-59;-80;-80;-80;-80;-80;-80
19:57:11.156;-80;-58.5;-80;-80;-80;-80;-80;-80
19:57:11.437;-80;-57;-80;-80;-80;-80;-80;-80
19:57:12.171;-58;-80;-80;-80;-80;-80;-80;-80
19:57:12.406;-80;-54;-80;-80;-80;-80;-80;-80
19:57:12.671;-80;-56.5;-80;-80;-80;-80;-80;-80
19:57:12.843;-53.5;-80;-80;-80;-80;-80;-80;-80
19:57:12.843;-80;-56.5;-80;-80;-80;-80;-80;-80
19:57:13.109;-55.5;-80;-80;-80;-80;-80;-80;-80
19:57:13.109;-80;-56;-80;-80;-80;-80;-80;-80
19:57:13.187;-80;-58;-80;-80;-80;-80;-80;-80
19:57:13.437;-56;-80;-80;-80;-80;-80;-80;-80
19:57:13.687;-50.5;-80;-80;-80;-80;-80;-80;-80
19:57:13.687;-80;-56;-80;-80;-80;-80;-80;-80
19:57:13.937;-52;-80;-80;-80;-80;-80;-80;-80
19:57:13.937;-80;-58.5;-80;-80;-80;-80;-80;-80
19:57:14.187;-53;-80;-80;-80;-80;-80;-80;-80
19:57:14.187;-80;-58.5;-80;-80;-80;-80;-80;-80
19:57:14.437;-52;-80;-80;-80;-80;-80;-80;-80
19:57:14.437;-80;-56;-80;-80;-80;-80;-80;-80
19:57:14.578;-52.5;-80;-80;-80;-80;-80;-80;-80
19:57:14.578;-80;-58;-80;-80;-80;-80;-80;-80
19:57:14.843;-51;-80;-80;-80;-80;-80;-80;-80
19:57:14.937;-52.5;-80;-80;-80;-80;-80;-80;-80
19:57:14.843;-80;-55.5;-80;-80;-80;-80;-80;-80
19:57:15.093;-80;-54;-80;-80;-80;-80;-80;-80
19:57:15.187;-52.5;-80;-80;-80;-80;-80;-80;-80
19:57:15.390;-52;-80;-80;-80;-80;-80;-80;-80
19:57:15.390;-80;-55;-80;-80;-80;-80;-80;-80
19:57:15.437;-80;-56;-80;-80;-80;-80;-80;-80
19:57:15.625;-55.5;-80;-80;-80;-80;-80;-80;-80
19:57:15.625;-80;-57;-80;-80;-80;-80;-80;-80
19:57:15.890;-49.5;-80;-80;-80;-80;-80;-80;-80
19:57:15.937;-80;-54.5;-80;-80;-80;-80;-80;-80
19:57:16.156;-53.5;-80;-80;-80;-80;-80;-80;-80
19:57:16.187;-80;-54;-80;-80;-80;-80;-80;-80
19:57:16.375;-52;-80;-80;-80;-80;-80;-80;-80
19:57:16.625;-51.5;-80;-80;-80;-80;-80;-80;-80
19:57:16.687;-52.5;-80;-80;-80;-80;-80;-80;-80
19:57:17.156;-53.5;-80;-80;-80;-80;-80;-80;-80
19:57:17.437;-52;-80;-80;-80;-80;-80;-80;-80
19:57:17.687;-51;-80;-80;-80;-80;-80;-80;-80
19:57:17.906;-53;-80;-80;-80;-80;-80;-80;-80
19:57:17.906;-80;-57;-80;-80;-80;-80;-80;-80
19:57:18.187;-52;-80;-80;-80;-80;-80;-80;-80
19:57:18.406;-56;-80;-80;-80;-80;-80;-80;-80
19:57:18.406;-80;-56.5;-80;-80;-80;-80;-80;-80
19:57:18.687;-51.5;-80;-80;-80;-80;-80;-80;-80
19:57:18.687;-80;-59;-80;-80;-80;-80;-80;-80
19:57:19.656;-80;-55.5;-80;-80;-80;-80;-80;-80
19:57:19.906;-80;-56.5;-80;-80;-80;-80;-80;-80
19:57:20.109;-80;-56.5;-80;-80;-80;-80;-80;-80
19:57:20.437;-80;-56.5;-80;-80;-80;-80;-80;-80
19:57:20.593;-80;-57;-80;-80;-80;-80;-80;-80
19:57:21.062;-80;-57;-80;-80;-80;-80;-80;-80
19:57:21.296;-80;-57.5;-80;-80;-80;-80;-80;-80
19:57:21.609;-80;-57;-80;-80;-80;-80;-80;-80
19:57:21.875;-80;-58;-80;-80;-80;-80;-80;-80
19:57:22.109;-55;-80;-80;-80;-80;-80;-80;-80
19:57:22.109;-80;-58;-80;-80;-80;-80;-80;-80
19:57:22.312;-52.5;-80;-80;-80;-80;-80;-80;-80
19:57:22.312;-80;-56.5;-80;-80;-80;-80;-80;-80
19:57:22.437;-80;-57.5;-80;-80;-80;-80;-80;-80
19:57:22.609;-80;-57;-80;-80;-80;-80;-80;-80
19:57:23.093;-53.5;-80;-80;-80;-80;-80;-80;-80
19:57:23.296;-53.5;-80;-80;-80;-80;-80;-80;-80
19:57:23.890;-50.5;-80;-80;-80;-80;-80;-80;-80
19:57:24.171;-80;-59.5;-80;-80;-80;-80;-80;-80
19:57:24.375;-52.5;-80;-80;-80;-80;-80;-80;-80
19:57:24.375;-80;-55;-80;-80;-80;-80;-80;-80
19:57:24.609;-52.5;-80;-80;-80;-80;-80;-80;-80
19:57:24.609;-80;-55.5;-80;-80;-80;-80;-80;-80
19:57:24.937;-55;-80;-80;-80;-80;-80;-80;-80
19:57:25.156;-54;-80;-80;-80;-80;-80;-80;-80
19:57:25.156;-80;-57.5;-80;-80;-80;-80;-80;-80
19:57:25.437;-54.5;-80;-80;-80;-80;-80;-80;-80
19:57:25.671;-55;-80;-80;-80;-80;-80;-80;-80
19:57:25.671;-80;-56;-80;-80;-80;-80;-80;-80
19:57:25.921;-53.5;-80;-80;-80;-80;-80;-80;-80
19:57:25.921;-80;-52.5;-80;-80;-80;-80;-80;-80
19:57:26.109;-56.5;-80;-80;-80;-80;-80;-80;-80
19:57:26.109;-80;-56;-80;-80;-80;-80;-80;-80
19:57:26.187;-56.5;-80;-80;-80;-80;-80;-80;-80
19:57:26.187;-80;-57.5;-80;-80;-80;-80;-80;-80
19:57:26.421;-56;-80;-80;-80;-80;-80;-80;-80
19:57:26.625;-54;-80;-80;-80;-80;-80;-80;-80
19:57:26.687;-80;-55;-80;-80;-80;-80;-80;-80
19:57:26.875;-56.5;-80;-80;-80;-80;-80;-80;-80
19:57:26.875;-80;-55.5;-80;-80;-80;-80;-80;-80
19:57:26.875;-80;-80;-57.5;-80;-80;-80;-80;-80
19:57:26.937;-56.5;-80;-80;-80;-80;-80;-80;-80
19:57:27.062;-80;-53.5;-80;-80;-80;-80;-80;-80
19:57:27.062;-80;-80;-59;-80;-80;-80;-80;-80
19:57:27.187;-55.5;-80;-80;-80;-80;-80;-80;-80
19:57:27.296;-80;-54;-80;-80;-80;-80;-80;-80
19:57:27.437;-57.5;-80;-80;-80;-80;-80;-80;-80
19:57:27.578;-80;-54.5;-80;-80;-80;-80;-80;-80
19:57:27.687;-54;-80;-80;-80;-80;-80;-80;-80
19:57:27.828;-57.5;-80;-80;-80;-80;-80;-80;-80
19:57:28.046;-58.5;-80;-80;-80;-80;-80;-80;-80
19:57:28.046;-80;-56.5;-80;-80;-80;-80;-80;-80
19:57:28.296;-56.5;-80;-80;-80;-80;-80;-80;-80
19:57:28.296;-80;-57.5;-80;-80;-80;-80;-80;-80
19:57:28.609;-57.5;-80;-80;-80;-80;-80;-80;-80
19:57:28.609;-80;-57.5;-80;-80;-80;-80;-80;-80
19:57:28.843;-56.5;-80;-80;-80;-80;-80;-80;-80
19:57:29.062;-53.5;-80;-80;-80;-80;-80;-80;-80
19:57:29.062;-80;-55.5;-80;-80;-80;-80;-80;-80
19:57:29.312;-58;-80;-80;-80;-80;-80;-80;-80
19:57:29.312;-80;-58;-80;-80;-80;-80;-80;-80
19:57:29.593;-55.5;-80;-80;-80;-80;-80;-80;-80
19:57:29.609;-80;-80;-53.5;-80;-80;-80;-80;-80
19:57:29.687;-80;-80;-53;-80;-80;-80;-80;-80
19:57:29.875;-53.5;-80;-80;-80;-80;-80;-80;-80
19:57:29.875;-80;-54.5;-80;-80;-80;-80;-80;-80
19:57:30.125;-53.5;-80;-80;-80;-80;-80;-80;-80
19:57:30.125;-80;-53.5;-80;-80;-80;-80;-80;-80
19:57:30.343;-54.5;-80;-80;-80;-80;-80;-80;-80
19:57:30.359;-80;-57;-80;-80;-80;-80;-80;-80
19:57:30.437;-80;-53.5;-80;-80;-80;-80;-80;-80
19:57:30.625;-54.5;-80;-80;-80;-80;-80;-80;-80
19:57:30.687;-80;-53;-80;-80;-80;-80;-80;-80
19:57:30.843;-55.5;-80;-80;-80;-80;-80;-80;-80
19:57:30.937;-55.5;-80;-80;-80;-80;-80;-80;-80
19:57:30.937;-80;-53;-80;-80;-80;-80;-80;-80
19:57:31.078;-55.5;-80;-80;-80;-80;-80;-80;-80
19:57:31.187;-55.5;-80;-80;-80;-80;-80;-80;-80
19:57:31.187;-80;-55.5;-80;-80;-80;-80;-80;-80
19:57:31.437;-53.5;-80;-80;-80;-80;-80;-80;-80
19:57:31.531;-56.5;-80;-80;-80;-80;-80;-80;-80
19:57:31.531;-80;-56.5;-80;-80;-80;-80;-80;-80
19:57:31.562;-80;-56;-80;-80;-80;-80;-80;-80
19:57:31.781;-55.5;-80;-80;-80;-80;-80;-80;-80
19:57:31.781;-80;-57;-80;-80;-80;-80;-80;-80
19:57:31.937;-57;-80;-80;-80;-80;-80;-80;-80
19:57:32.062;-56.5;-80;-80;-80;-80;-80;-80;-80
19:57:32.343;-55.5;-80;-80;-80;-80;-80;-80;-80
19:57:32.343;-80;-57.5;-80;-80;-80;-80;-80;-80
19:57:32.609;-56.5;-80;-80;-80;-80;-80;-80;-80
19:57:32.609;-80;-55;-80;-80;-80;-80;-80;-80
19:57:32.687;-80;-57.5;-80;-80;-80;-80;-80;-80
19:57:32.937;-57.5;-80;-80;-80;-80;-80;-80;-80
19:57:33.015;-80;-80;-56;-80;-80;-80;-80;-80
19:57:33.187;-56.5;-80;-80;-80;-80;-80;-80;-80
19:57:33.296;-80;-56;-80;-80;-80;-80;-80;-80
19:57:33.296;-80;-80;-55.5;-80;-80;-80;-80;-80
19:57:33.437;-53.5;-80;-80;-80;-80;-80;-80;-80
19:57:33.562;-80;-55;-80;-80;-80;-80;-80;-80
19:57:33.687;-52.5;-80;-80;-80;-80;-80;-80;-80
19:57:33.796;-80;-54;-80;-80;-80;-80;-80;-80
19:57:33.937;-53;-80;-80;-80;-80;-80;-80;-80
19:57:34.046;-57;-80;-80;-80;-80;-80;-80;-80
19:57:34.046;-80;-57;-80;-80;-80;-80;-80;-80
19:57:34.046;-80;-80;-56.5;-80;-80;-80;-80;-80
19:57:34.187;-80;-80;-56.5;-80;-80;-80;-80;-80
19:57:34.312;-53;-80;-80;-80;-80;-80;-80;-80
19:57:34.312;-80;-56.5;-80;-80;-80;-80;-80;-80
19:57:34.437;-53.5;-80;-80;-80;-80;-80;-80;-80
19:57:34.546;-53.5;-80;-80;-80;-80;-80;-80;-80
19:57:34.546;-80;-54;-80;-80;-80;-80;-80;-80
19:57:34.687;-54;-80;-80;-80;-80;-80;-80;-80
19:57:34.843;-80;-55.5;-80;-80;-80;-80;-80;-80
19:57:34.937;-53;-80;-80;-80;-80;-80;-80;-80
19:57:35.031;-56.5;-80;-80;-80;-80;-80;-80;-80
19:57:35.031;-80;-58;-80;-80;-80;-80;-80;-80
19:57:35.296;-53.5;-80;-80;-80;-80;-80;-80;-80
19:57:35.296;-80;-57.5;-80;-80;-80;-80;-80;-80
19:57:35.578;-56.5;-80;-80;-80;-80;-80;-80;-80
19:57:35.578;-80;-57.5;-80;-80;-80;-80;-80;-80
19:57:35.828;-53;-80;-80;-80;-80;-80;-80;-80
19:57:35.828;-80;-53.5;-80;-80;-80;-80;-80;-80
19:57:36.078;-52.5;-80;-80;-80;-80;-80;-80;-80
19:57:36.078;-80;-54.5;-80;-80;-80;-80;-80;-80
19:57:36.328;-53;-80;-80;-80;-80;-80;-80;-80
19:57:36.328;-80;-56.5;-80;-80;-80;-80;-80;-80
19:57:36.625;-52.5;-80;-80;-80;-80;-80;-80;-80
19:57:36.625;-80;-56;-80;-80;-80;-80;-80;-80
19:57:36.828;-52;-80;-80;-80;-80;-80;-80;-80
19:57:36.953;-80;-55.5;-80;-80;-80;-80;-80;-80
19:57:37.140;-53.5;-80;-80;-80;-80;-80;-80;-80
19:57:37.312;-80;-57;-80;-80;-80;-80;-80;-80
19:57:37.453;-57;-80;-80;-80;-80;-80;-80;-80
19:57:37.531;-80;-58;-80;-80;-80;-80;-80;-80
19:57:37.687;-53;-80;-80;-80;-80;-80;-80;-80
19:57:37.781;-80;-57.5;-80;-80;-80;-80;-80;-80
19:57:37.937;-52;-80;-80;-80;-80;-80;-80;-80
19:57:37.937;-80;-56.5;-80;-80;-80;-80;-80;-80
19:57:38.062;-80;-55.5;-80;-80;-80;-80;-80;-80
19:57:38.203;-54.5;-80;-80;-80;-80;-80;-80;-80
19:57:38.203;-80;-54.5;-80;-80;-80;-80;-80;-80
19:57:38.312;-80;-53;-80;-80;-80;-80;-80;-80
19:57:38.437;-53;-80;-80;-80;-80;-80;-80;-80
19:57:38.437;-80;-54;-80;-80;-80;-80;-80;-80
19:57:38.546;-80;-54.5;-80;-80;-80;-80;-80;-80
19:57:38.687;-55;-80;-80;-80;-80;-80;-80;-80
19:57:38.687;-80;-57;-80;-80;-80;-80;-80;-80
19:57:38.765;-80;-55;-80;-80;-80;-80;-80;-80
19:57:38.906;-52.5;-80;-80;-80;-80;-80;-80;-80
19:57:38.906;-80;-53.5;-80;-80;-80;-80;-80;-80
19:57:38.937;-80;-53.5;-80;-80;-80;-80;-80;-80
19:57:39.109;-54;-80;-80;-80;-80;-80;-80;-80
19:57:39.187;-54;-80;-80;-80;-80;-80;-80;-80
19:57:39.187;-80;-54;-80;-80;-80;-80;-80;-80
19:57:39.328;-80;-53.5;-80;-80;-80;-80;-80;-80
19:57:39.437;-52.5;-80;-80;-80;-80;-80;-80;-80
19:57:39.437;-80;-57;-80;-80;-80;-80;-80;-80
19:57:39.500;-80;-57;-80;-80;-80;-80;-80;-80
19:57:39.687;-52.5;-80;-80;-80;-80;-80;-80;-80
19:57:39.703;-80;-56.5;-80;-80;-80;-80;-80;-80
19:57:39.937;-57;-80;-80;-80;-80;-80;-80;-80
19:57:39.937;-80;-56;-80;-80;-80;-80;-80;-80
19:57:40.093;-52;-80;-80;-80;-80;-80;-80;-80
19:57:40.187;-51.5;-80;-80;-80;-80;-80;-80;-80
19:57:40.187;-80;-55;-80;-80;-80;-80;-80;-80
19:57:40.343;-54.5;-80;-80;-80;-80;-80;-80;-80
19:57:40.437;-80;-57;-80;-80;-80;-80;-80;-80
19:57:40.671;-56.5;-80;-80;-80;-80;-80;-80;-80
19:57:40.671;-80;-54.5;-80;-80;-80;-80;-80;-80
19:57:40.843;-53;-80;-80;-80;-80;-80;-80;-80
19:57:40.937;-53;-80;-80;-80;-80;-80;-80;-80
19:57:40.937;-80;-54;-80;-80;-80;-80;-80;-80
19:57:41.078;-53;-80;-80;-80;-80;-80;-80;-80
19:57:41.171;-53;-80;-80;-80;-80;-80;-80;-80
19:57:41.171;-80;-53;-80;-80;-80;-80;-80;-80
19:57:41.328;-54.5;-80;-80;-80;-80;-80;-80;-80
19:57:41.437;-80;-54.5;-80;-80;-80;-80;-80;-80
19:57:41.578;-57;-80;-80;-80;-80;-80;-80;-80
19:57:41.687;-80;-57;-80;-80;-80;-80;-80;-80
19:57:41.812;-55.5;-80;-80;-80;-80;-80;-80;-80
19:57:41.937;-80;-54.5;-80;-80;-80;-80;-80;-80
19:57:42.093;-53.5;-80;-80;-80;-80;-80;-80;-80
19:57:42.187;-80;-56.5;-80;-80;-80;-80;-80;-80
19:57:42.328;-56;-80;-80;-80;-80;-80;-80;-80
19:57:42.437;-80;-56;-80;-80;-80;-80;-80;-80
19:57:42.593;-57.5;-80;-80;-80;-80;-80;-80;-80
19:57:42.687;-80;-57;-80;-80;-80;-80;-80;-80
19:57:42.921;-80;-56;-80;-80;-80;-80;-80;-80
19:57:43.187;-80;-55.5;-80;-80;-80;-80;-80;-80
19:57:43.281;-80;-80;-54;-80;-80;-80;-80;-80
19:57:43.406;-55.5;-80;-80;-80;-80;-80;-80;-80
19:57:43.406;-80;-54.5;-80;-80;-80;-80;-80;-80
19:57:43.593;-51.5;-80;-80;-80;-80;-80;-80;-80
19:57:43.687;-80;-55;-80;-80;-80;-80;-80;-80
19:57:43.843;-51.5;-80;-80;-80;-80;-80;-80;-80
19:57:43.937;-80;-53.5;-80;-80;-80;-80;-80;-80
19:57:44.078;-54;-80;-80;-80;-80;-80;-80;-80
19:57:44.187;-80;-55.5;-80;-80;-80;-80;-80;-80
19:57:44.187;-80;-80;-55.5;-80;-80;-80;-80;-80
19:57:44.359;-51.5;-80;-80;-80;-80;-80;-80;-80
19:57:44.359;-80;-80;-56.5;-80;-80;-80;-80;-80
19:57:44.375;-52;-80;-80;-80;-80;-80;-80;-80
19:57:44.437;-80;-56;-80;-80;-80;-80;-80;-80
19:57:44.593;-55;-80;-80;-80;-80;-80;-80;-80
19:57:44.593;-80;-54.5;-80;-80;-80;-80;-80;-80
19:57:44.687;-80;-54.5;-80;-80;-80;-80;-80;-80
19:57:44.859;-54;-80;-80;-80;-80;-80;-80;-80
19:57:44.859;-80;-54;-80;-80;-80;-80;-80;-80
19:57:44.937;-80;-56;-80;-80;-80;-80;-80;-80
19:57:45.078;-55;-80;-80;-80;-80;-80;-80;-80
19:57:45.187;-80;-56.5;-80;-80;-80;-80;-80;-80
19:57:45.328;-51.5;-80;-80;-80;-80;-80;-80;-80
19:57:45.437;-51;-80;-80;-80;-80;-80;-80;-80
19:57:45.437;-80;-56.5;-80;-80;-80;-80;-80;-80
19:57:45.687;-80;-56.5;-80;-80;-80;-80;-80;-80
19:57:45.843;-51.5;-80;-80;-80;-80;-80;-80;-80
19:57:45.937;-51.5;-80;-80;-80;-80;-80;-80;-80
19:57:45.937;-80;-54;-80;-80;-80;-80;-80;-80
19:57:46.078;-53.5;-80;-80;-80;-80;-80;-80;-80
19:57:46.078;-80;-54;-80;-80;-80;-80;-80;-80
19:57:46.187;-52;-80;-80;-80;-80;-80;-80;-80
19:57:46.187;-80;-54;-80;-80;-80;-80;-80;-80
19:57:46.359;-51;-80;-80;-80;-80;-80;-80;-80
19:57:46.437;-80;-55.5;-80;-80;-80;-80;-80;-80
19:57:46.609;-51.5;-80;-80;-80;-80;-80;-80;-80
19:57:46.687;-80;-54.5;-80;-80;-80;-80;-80;-80
19:57:46.875;-51.5;-80;-80;-80;-80;-80;-80;-80
19:57:46.937;-80;-54;-80;-80;-80;-80;-80;-80
19:57:47.109;-51.5;-80;-80;-80;-80;-80;-80;-80
19:57:47.109;-80;-55;-80;-80;-80;-80;-80;-80
19:57:47.187;-80;-57.5;-80;-80;-80;-80;-80;-80
19:57:47.328;-52.5;-80;-80;-80;-80;-80;-80;-80
19:57:47.437;-80;-56;-80;-80;-80;-80;-80;-80
19:57:47.687;-80;-57.5;-80;-80;-80;-80;-80;-80
19:57:47.843;-53.5;-80;-80;-80;-80;-80;-80;-80
19:57:47.937;-80;-57.5;-80;-80;-80;-80;-80;-80
19:57:48.109;-51;-80;-80;-80;-80;-80;-80;-80
19:57:48.187;-80;-55.5;-80;-80;-80;-80;-80;-80
19:57:48.312;-55.5;-80;-80;-80;-80;-80;-80;-80
19:57:48.312;-80;-57;-80;-80;-80;-80;-80;-80
19:57:48.437;-54;-80;-80;-80;-80;-80;-80;-80
19:57:48.437;-80;-51.5;-80;-80;-80;-80;-80;-80
19:57:48.578;-80;-53.5;-80;-80;-80;-80;-80;-80
19:57:48.687;-54;-80;-80;-80;-80;-80;-80;-80
19:57:48.687;-80;-54.5;-80;-80;-80;-80;-80;-80
19:57:48.843;-55.5;-80;-80;-80;-80;-80;-80;-80
19:57:48.843;-80;-54.5;-80;-80;-80;-80;-80;-80
19:57:48.921;-56.5;-80;-80;-80;-80;-80;-80;-80
19:57:48.921;-80;-55.5;-80;-80;-80;-80;-80;-80
19:57:49.156;-52.5;-80;-80;-80;-80;-80;-80;-80
19:57:49.156;-80;-51.5;-80;-80;-80;-80;-80;-80
19:57:49.187;-80;-55;-80;-80;-80;-80;-80;-80
19:57:49.390;-53;-80;-80;-80;-80;-80;-80;-80
19:57:49.437;-80;-53.5;-80;-80;-80;-80;-80;-80
19:57:49.609;-80;-54;-80;-80;-80;-80;-80;-80
19:57:49.609;-54;-80;-80;-80;-80;-80;-80;-80
19:57:49.687;-52;-80;-80;-80;-80;-80;-80;-80
19:57:49.796;-80;-55.5;-80;-80;-80;-80;-80;-80
19:57:49.937;-52.5;-80;-80;-80;-80;-80;-80;-80
19:57:49.937;-80;-56.5;-80;-80;-80;-80;-80;-80
19:57:50.093;-80;-80;-55;-80;-80;-80;-80;-80
19:57:50.187;-80;-55;-80;-80;-80;-80;-80;-80
19:57:50.343;-52;-80;-80;-80;-80;-80;-80;-80
19:57:50.437;-80;-56.5;-80;-80;-80;-80;-80;-80
19:57:50.562;-56;-80;-80;-80;-80;-80;-80;-80
19:57:50.687;-80;-56;-80;-80;-80;-80;-80;-80
19:57:50.812;-52;-80;-80;-80;-80;-80;-80;-80
19:57:50.937;-52;-80;-80;-80;-80;-80;-80;-80
19:57:50.937;-80;-54.5;-80;-80;-80;-80;-80;-80
19:57:51.093;-55;-80;-80;-80;-80;-80;-80;-80
19:57:51.093;-80;-54;-80;-80;-80;-80;-80;-80
19:57:51.187;-80;-54.5;-80;-80;-80;-80;-80;-80
19:57:51.343;-55;-80;-80;-80;-80;-80;-80;-80
19:57:51.343;-80;-53.5;-80;-80;-80;-80;-80;-80
19:57:51.437;-80;-54;-80;-80;-80;-80;-80;-80
19:57:51.578;-55.5;-80;-80;-80;-80;-80;-80;-80
19:57:51.578;-80;-54.5;-80;-80;-80;-80;-80;-80
19:57:51.656;-80;-56;-80;-80;-80;-80;-80;-80
19:57:51.671;-80;-80;-56.5;-80;-80;-80;-80;-80
19:57:51.859;-80;-56;-80;-80;-80;-80;-80;-80
19:57:52.109;-55.5;-80;-80;-80;-80;-80;-80;-80
19:57:52.109;-80;-56;-80;-80;-80;-80;-80;-80
19:57:52.343;-80;-54.5;-80;-80;-80;-80;-80;-80
19:57:52.453;-80;-80;-57;-80;-80;-80;-80;-80
19:57:52.578;-57;-80;-80;-80;-80;-80;-80;-80
19:57:52.578;-80;-55.5;-80;-80;-80;-80;-80;-80
19:57:52.703;-80;-56.5;-80;-80;-80;-80;-80;-80
19:57:52.843;-55;-80;-80;-80;-80;-80;-80;-80
19:57:52.843;-80;-56.5;-80;-80;-80;-80;-80;-80
19:57:53.078;-55;-80;-80;-80;-80;-80;-80;-80
19:57:53.078;-80;-56.5;-80;-80;-80;-80;-80;-80
19:57:53.328;-80;-55;-80;-80;-80;-80;-80;-80
19:57:53.437;-80;-80;-56;-80;-80;-80;-80;-80
19:57:53.578;-54.5;-80;-80;-80;-80;-80;-80;-80
19:57:53.578;-80;-54.5;-80;-80;-80;-80;-80;-80
19:57:53.843;-51.5;-80;-80;-80;-80;-80;-80;-80
19:57:53.843;-80;-54.5;-80;-80;-80;-80;-80;-80
19:57:54.109;-51;-80;-80;-80;-80;-80;-80;-80
19:57:54.109;-80;-53.5;-80;-80;-80;-80;-80;-80
19:57:54.328;-54;-80;-80;-80;-80;-80;-80;-80
19:57:54.328;-80;-55.5;-80;-80;-80;-80;-80;-80
19:57:54.437;-80;-80;-56;-80;-80;-80;-80;-80
19:57:54.578;-51;-80;-80;-80;-80;-80;-80;-80
19:57:54.578;-80;-55.5;-80;-80;-80;-80;-80;-80
19:57:54.812;-54;-80;-80;-80;-80;-80;-80;-80
19:57:54.812;-80;-54;-80;-80;-80;-80;-80;-80
19:57:55.109;-53.5;-80;-80;-80;-80;-80;-80;-80
19:57:55.109;-80;-55;-80;-80;-80;-80;-80;-80
19:57:55.312;-54.5;-80;-80;-80;-80;-80;-80;-80
19:57:55.312;-80;-55.5;-80;-80;-80;-80;-80;-80
19:57:55.437;-54.5;-80;-80;-80;-80;-80;-80;-80
19:57:55.593;-51;-80;-80;-80;-80;-80;-80;-80
19:57:55.593;-80;-55;-80;-80;-80;-80;-80;-80
19:57:55.828;-80;-55.5;-80;-80;-80;-80;-80;-80
19:57:56.093;-51.5;-80;-80;-80;-80;-80;-80;-80
19:57:56.109;-80;-53;-80;-80;-80;-80;-80;-80
19:57:56.343;-53.5;-80;-80;-80;-80;-80;-80;-80
19:57:56.343;-80;-53;-80;-80;-80;-80;-80;-80
19:57:56.578;-51.5;-80;-80;-80;-80;-80;-80;-80
19:57:56.578;-80;-54.5;-80;-80;-80;-80;-80;-80
19:57:56.843;-51.5;-80;-80;-80;-80;-80;-80;-80
19:57:56.843;-80;-54;-80;-80;-80;-80;-80;-80
19:57:57.109;-51.5;-80;-80;-80;-80;-80;-80;-80
19:57:57.109;-80;-54.5;-80;-80;-80;-80;-80;-80
19:57:57.343;-51.5;-80;-80;-80;-80;-80;-80;-80
19:57:57.343;-80;-56.5;-80;-80;-80;-80;-80;-80
19:57:57.562;-52.5;-80;-80;-80;-80;-80;-80;-80
19:57:57.578;-80;-56;-80;-80;-80;-80;-80;-80
19:57:57.796;-80;-56;-80;-80;-80;-80;-80;-80
19:57:58.062;-53;-80;-80;-80;-80;-80;-80;-80
19:57:58.062;-80;-56;-80;-80;-80;-80;-80;-80
19:57:58.343;-51;-80;-80;-80;-80;-80;-80;-80
19:57:58.343;-80;-54.5;-80;-80;-80;-80;-80;-80
19:57:58.562;-54.5;-80;-80;-80;-80;-80;-80;-80
19:57:58.562;-80;-53.5;-80;-80;-80;-80;-80;-80
19:57:58.687;-54;-80;-80;-80;-80;-80;-80;-80
19:57:58.843;-54.5;-80;-80;-80;-80;-80;-80;-80
19:57:58.843;-80;-55;-80;-80;-80;-80;-80;-80
19:57:59.062;-56;-80;-80;-80;-80;-80;-80;-80
19:57:59.062;-80;-55.5;-80;-80;-80;-80;-80;-80
19:57:59.281;-51.5;-80;-80;-80;-80;-80;-80;-80
19:57:59.281;-80;-52.5;-80;-80;-80;-80;-80;-80
19:57:59.437;-54;-80;-80;-80;-80;-80;-80;-80
19:57:59.546;-54.5;-80;-80;-80;-80;-80;-80;-80
19:57:59.546;-80;-53.5;-80;-80;-80;-80;-80;-80
19:57:59.687;-52.5;-80;-80;-80;-80;-80;-80;-80
19:57:59.812;-52.5;-80;-80;-80;-80;-80;-80;-80
19:57:59.812;-80;-55.5;-80;-80;-80;-80;-80;-80
19:58:00.046;-52;-80;-80;-80;-80;-80;-80;-80
19:58:00.046;-80;-55;-80;-80;-80;-80;-80;-80
19:58:00.296;-80;-55;-80;-80;-80;-80;-80;-80
19:58:00.578;-51.5;-80;-80;-80;-80;-80;-80;-80
19:58:00.578;-80;-54.5;-80;-80;-80;-80;-80;-80
19:58:00.812;-80;-55.5;-80;-80;-80;-80;-80;-80
19:58:01.078;-54;-80;-80;-80;-80;-80;-80;-80
19:58:01.078;-80;-54.5;-80;-80;-80;-80;-80;-80
19:58:01.312;-56.5;-80;-80;-80;-80;-80;-80;-80
19:58:01.312;-80;-58;-80;-80;-80;-80;-80;-80
19:58:01.562;-54.5;-80;-80;-80;-80;-80;-80;-80
19:58:01.562;-80;-58.5;-80;-80;-80;-80;-80;-80
19:58:01.843;-54;-80;-80;-80;-80;-80;-80;-80
19:58:01.937;-57;-80;-80;-80;-80;-80;-80;-80
19:58:02.312;-52;-80;-80;-80;-80;-80;-80;-80
19:58:02.453;-58;-80;-80;-80;-80;-80;-80;-80
19:58:02.687;-56.5;-80;-80;-80;-80;-80;-80;-80
19:58:02.843;-55.5;-80;-80;-80;-80;-80;-80;-80
19:58:02.937;-51.5;-80;-80;-80;-80;-80;-80;-80
19:58:03.062;-52;-80;-80;-80;-80;-80;-80;-80
19:58:03.078;-80;-56;-80;-80;-80;-80;-80;-80
19:58:03.281;-80;-57;-80;-80;-80;-80;-80;-80
19:58:03.593;-80;-55;-80;-80;-80;-80;-80;-80
19:58:03.843;-52.5;-80;-80;-80;-80;-80;-80;-80
19:58:04.093;-53;-80;-80;-80;-80;-80;-80;-80
19:58:04.093;-80;-55;-80;-80;-80;-80;-80;-80
19:58:04.328;-57;-80;-80;-80;-80;-80;-80;-80
19:58:04.328;-80;-53;-80;-80;-80;-80;-80;-80
19:58:04.781;-52;-80;-80;-80;-80;-80;-80;-80
19:58:04.796;-80;-54;-80;-80;-80;-80;-80;-80
19:58:05.046;-55.5;-80;-80;-80;-80;-80;-80;-80
19:58:05.046;-80;-54;-80;-80;-80;-80;-80;-80
19:58:05.312;-56;-80;-80;-80;-80;-80;-80;-80
19:58:05.312;-80;-55;-80;-80;-80;-80;-80;-80
19:58:05.578;-80;-55.5;-80;-80;-80;-80;-80;-80
19:58:05.859;-50;-80;-80;-80;-80;-80;-80;-80
19:58:06.078;-53;-80;-80;-80;-80;-80;-80;-80
19:58:06.328;-58.5;-80;-80;-80;-80;-80;-80;-80
19:58:06.437;-80;-54.5;-80;-80;-80;-80;-80;-80
19:58:06.546;-53;-80;-80;-80;-80;-80;-80;-80
19:58:06.687;-80;-55.5;-80;-80;-80;-80;-80;-80
19:58:06.812;-54.5;-80;-80;-80;-80;-80;-80;-80
19:58:06.921;-80;-55;-80;-80;-80;-80;-80;-80
19:58:07.093;-52;-80;-80;-80;-80;-80;-80;-80
19:58:07.093;-80;-56;-80;-80;-80;-80;-80;-80
19:58:07.187;-80;-56.5;-80;-80;-80;-80;-80;-80
19:58:07.343;-55;-80;-80;-80;-80;-80;-80;-80
19:58:07.343;-80;-55;-80;-80;-80;-80;-80;-80
19:58:07.437;-80;-55.5;-80;-80;-80;-80;-80;-80
19:58:07.609;-56.5;-80;-80;-80;-80;-80;-80;-80
19:58:07.828;-56;-80;-80;-80;-80;-80;-80;-80
19:58:07.828;-80;-58;-80;-80;-80;-80;-80;-80
19:58:07.937;-80;-55;-80;-80;-80;-80;-80;-80
19:58:08.078;-50.5;-80;-80;-80;-80;-80;-80;-80
19:58:08.187;-80;-54.5;-80;-80;-80;-80;-80;-80
19:58:08.296;-53;-80;-80;-80;-80;-80;-80;-80
19:58:08.421;-53;-80;-80;-80;-80;-80;-80;-80
19:58:08.421;-80;-57;-80;-80;-80;-80;-80;-80
19:58:08.640;-57.5;-80;-80;-80;-80;-80;-80;-80
19:58:08.687;-80;-55;-80;-80;-80;-80;-80;-80
19:58:08.843;-55.5;-80;-80;-80;-80;-80;-80;-80
19:58:08.937;-55.5;-80;-80;-80;-80;-80;-80;-80
19:58:09.031;-80;-55;-80;-80;-80;-80;-80;-80
19:58:09.187;-56;-80;-80;-80;-80;-80;-80;-80
19:58:09.281;-80;-53;-80;-80;-80;-80;-80;-80
19:58:09.437;-57;-80;-80;-80;-80;-80;-80;-80
19:58:09.562;-80;-56.5;-80;-80;-80;-80;-80;-80
19:58:09.687;-56.5;-80;-80;-80;-80;-80;-80;-80
19:58:09.812;-80;-54.5;-80;-80;-80;-80;-80;-80
19:58:09.937;-54.5;-80;-80;-80;-80;-80;-80;-80
19:58:10.062;-80;-57.5;-80;-80;-80;-80;-80;-80
19:58:10.187;-51.5;-80;-80;-80;-80;-80;-80;-80
19:58:10.312;-80;-57;-80;-80;-80;-80;-80;-80
19:58:10.437;-56.5;-80;-80;-80;-80;-80;-80;-80
19:58:10.625;-80;-56.5;-80;-80;-80;-80;-80;-80
19:58:10.687;-52.5;-80;-80;-80;-80;-80;-80;-80
19:58:10.937;-53;-80;-80;-80;-80;-80;-80;-80
19:58:10.812;-80;-57;-80;-80;-80;-80;-80;-80
19:58:11.046;-80;-55;-80;-80;-80;-80;-80;-80
19:58:11.187;-54;-80;-80;-80;-80;-80;-80;-80
19:58:11.312;-80;-55;-80;-80;-80;-80;-80;-80
19:58:11.437;-54;-80;-80;-80;-80;-80;-80;-80
19:58:11.437;-80;-58;-80;-80;-80;-80;-80;-80
19:58:11.593;-80;-58.5;-80;-80;-80;-80;-80;-80
19:58:11.593;-80;-80;-58;-80;-80;-80;-80;-80
19:58:11.687;-55;-80;-80;-80;-80;-80;-80;-80
19:58:11.875;-56;-80;-80;-80;-80;-80;-80;-80
19:58:11.859;-80;-80;-56.5;-80;-80;-80;-80;-80
19:58:11.937;-55.5;-80;-80;-80;-80;-80;-80;-80
19:58:12.109;-56;-80;-80;-80;-80;-80;-80;-80
19:58:12.093;-80;-80;-56;-80;-80;-80;-80;-80
19:58:12.187;-56.5;-80;-80;-80;-80;-80;-80;-80
19:58:12.328;-55.5;-80;-80;-80;-80;-80;-80;-80
19:58:12.437;-56;-80;-80;-80;-80;-80;-80;-80
19:58:12.437;-80;-57;-80;-80;-80;-80;-80;-80
19:58:12.656;-56.5;-80;-80;-80;-80;-80;-80;-80
19:58:12.656;-80;-80;-57.5;-80;-80;-80;-80;-80
19:58:12.687;-80;-56.5;-80;-80;-80;-80;-80;-80
19:58:12.875;-80;-80;-56;-80;-80;-80;-80;-80
19:58:12.937;-56.5;-80;-80;-80;-80;-80;-80;-80
19:58:12.937;-80;-58.5;-80;-80;-80;-80;-80;-80
19:58:13.078;-80;-58;-80;-80;-80;-80;-80;-80
19:58:13.187;-56;-80;-80;-80;-80;-80;-80;-80
19:58:13.343;-80;-58;-80;-80;-80;-80;-80;-80
19:58:13.437;-57;-80;-80;-80;-80;-80;-80;-80
19:58:13.531;-57;-80;-80;-80;-80;-80;-80;-80
19:58:13.531;-80;-56.5;-80;-80;-80;-80;-80;-80
19:58:13.687;-57;-80;-80;-80;-80;-80;-80;-80
19:58:13.687;-80;-80;-58.5;-80;-80;-80;-80;-80
19:58:13.812;-56;-80;-80;-80;-80;-80;-80;-80
19:58:13.812;-80;-56.5;-80;-80;-80;-80;-80;-80
19:58:13.937;-55.5;-80;-80;-80;-80;-80;-80;-80
19:58:14.062;-80;-58.5;-80;-80;-80;-80;-80;-80
19:58:14.187;-54;-80;-80;-80;-80;-80;-80;-80
19:58:14.281;-53.5;-80;-80;-80;-80;-80;-80;-80
19:58:14.281;-80;-55.5;-80;-80;-80;-80;-80;-80
19:58:14.437;-55;-80;-80;-80;-80;-80;-80;-80
19:58:14.546;-80;-56.5;-80;-80;-80;-80;-80;-80
19:58:14.687;-56;-80;-80;-80;-80;-80;-80;-80
19:58:14.828;-80;-55.5;-80;-80;-80;-80;-80;-80
19:58:14.937;-53.5;-80;-80;-80;-80;-80;-80;-80
19:58:15.078;-80;-57;-80;-80;-80;-80;-80;-80
19:58:15.078;-80;-56;-80;-80;-80;-80;-80;-80
19:58:15.187;-54.5;-80;-80;-80;-80;-80;-80;-80
19:58:15.312;-80;-55;-80;-80;-80;-80;-80;-80
19:58:15.312;-80;-80;-57.5;-80;-80;-80;-80;-80
19:58:15.437;-55.5;-80;-80;-80;-80;-80;-80;-80
19:58:15.578;-80;-55.5;-80;-80;-80;-80;-80;-80
19:58:15.687;-55;-80;-80;-80;-80;-80;-80;-80
19:58:15.828;-80;-53.5;-80;-80;-80;-80;-80;-80
19:58:15.937;-54.5;-80;-80;-80;-80;-80;-80;-80
19:58:16.046;-54.5;-80;-80;-80;-80;-80;-80;-80
19:58:16.062;-80;-52.5;-80;-80;-80;-80;-80;-80
19:58:16.187;-58;-80;-80;-80;-80;-80;-80;-80
19:58:16.312;-55.5;-80;-80;-80;-80;-80;-80;-80
19:58:16.312;-80;-55.5;-80;-80;-80;-80;-80;-80
19:58:16.546;-57;-80;-80;-80;-80;-80;-80;-80
19:58:16.546;-80;-53;-80;-80;-80;-80;-80;-80
19:58:16.687;-57.5;-80;-80;-80;-80;-80;-80;-80
19:58:16.843;-57;-80;-80;-80;-80;-80;-80;-80
19:58:16.843;-80;-53.5;-80;-80;-80;-80;-80;-80
19:58:16.953;-54.5;-80;-80;-80;-80;-80;-80;-80
19:58:17.078;-80;-56.5;-80;-80;-80;-80;-80;-80
19:58:17.203;-56.5;-80;-80;-80;-80;-80;-80;-80
19:58:17.312;-56.5;-80;-80;-80;-80;-80;-80;-80
19:58:17.531;-55;-80;-80;-80;-80;-80;-80;-80
19:58:17.890;-54.5;-80;-80;-80;-80;-80;-80;-80
19:58:18.093;-57;-80;-80;-80;-80;-80;-80;-80
19:58:18.093;-80;-57;-80;-80;-80;-80;-80;-80
19:58:18.406;-56.5;-80;-80;-80;-80;-80;-80;-80
19:58:18.406;-80;-55;-80;-80;-80;-80;-80;-80
19:58:18.578;-54;-80;-80;-80;-80;-80;-80;-80
19:58:18.578;-80;-54;-80;-80;-80;-80;-80;-80
19:58:18.687;-80;-54;-80;-80;-80;-80;-80;-80
19:58:18.812;-55;-80;-80;-80;-80;-80;-80;-80
19:58:18.812;-80;-56;-80;-80;-80;-80;-80;-80
19:58:19.093;-54.5;-80;-80;-80;-80;-80;-80;-80
19:58:19.093;-80;-55;-80;-80;-80;-80;-80;-80
19:58:19.328;-56.5;-80;-80;-80;-80;-80;-80;-80
19:58:19.328;-80;-55.5;-80;-80;-80;-80;-80;-80
19:58:19.578;-53.5;-80;-80;-80;-80;-80;-80;-80
19:58:19.578;-54;-80;-80;-80;-80;-80;-80;-80
19:58:19.578;-80;-52.5;-80;-80;-80;-80;-80;-80
19:58:19.796;-55;-80;-80;-80;-80;-80;-80;-80
19:58:19.812;-80;-55.5;-80;-80;-80;-80;-80;-80
19:58:20.093;-54;-80;-80;-80;-80;-80;-80;-80
19:58:20.093;-80;-53;-80;-80;-80;-80;-80;-80
19:58:20.328;-56.5;-80;-80;-80;-80;-80;-80;-80
19:58:20.328;-80;-55;-80;-80;-80;-80;-80;-80
19:58:20.562;-53.5;-80;-80;-80;-80;-80;-80;-80
19:58:20.562;-80;-54.5;-80;-80;-80;-80;-80;-80
19:58:20.687;-53.5;-80;-80;-80;-80;-80;-80;-80
19:58:20.781;-53.5;-80;-80;-80;-80;-80;-80;-80
19:58:20.781;-80;-53.5;-80;-80;-80;-80;-80;-80
19:58:20.937;-56;-80;-80;-80;-80;-80;-80;-80
19:58:21.078;-80;-54.5;-80;-80;-80;-80;-80;-80
19:58:21.187;-56;-80;-80;-80;-80;-80;-80;-80
19:58:21.296;-56.5;-80;-80;-80;-80;-80;-80;-80
19:58:21.296;-80;-56;-80;-80;-80;-80;-80;-80
19:58:21.437;-53;-80;-80;-80;-80;-80;-80;-80
19:58:21.593;-80;-54;-80;-80;-80;-80;-80;-80
19:58:21.687;-54;-80;-80;-80;-80;-80;-80;-80
19:58:21.812;-80;-53.5;-80;-80;-80;-80;-80;-80
19:58:21.937;-53.5;-80;-80;-80;-80;-80;-80;-80
19:58:21.937;-80;-55.5;-80;-80;-80;-80;-80;-80
19:58:22.093;-54.5;-80;-80;-80;-80;-80;-80;-80
19:58:22.093;-80;-55.5;-80;-80;-80;-80;-80;-80
19:58:22.187;-54;-80;-80;-80;-80;-80;-80;-80
19:58:22.187;-80;-54.5;-80;-80;-80;-80;-80;-80
19:58:22.328;-55.5;-80;-80;-80;-80;-80;-80;-80
19:58:22.437;-55;-80;-80;-80;-80;-80;-80;-80
19:58:22.437;-80;-56;-80;-80;-80;-80;-80;-80
19:58:22.578;-53.5;-80;-80;-80;-80;-80;-80;-80
19:58:22.687;-54;-80;-80;-80;-80;-80;-80;-80
19:58:22.687;-80;-55.5;-80;-80;-80;-80;-80;-80
19:58:22.843;-54.5;-80;-80;-80;-80;-80;-80;-80
19:58:22.937;-80;-55.5;-80;-80;-80;-80;-80;-80
19:58:23.062;-56;-80;-80;-80;-80;-80;-80;-80
19:58:23.187;-80;-55;-80;-80;-80;-80;-80;-80
19:58:23.359;-55.5;-80;-80;-80;-80;-80;-80;-80
19:58:23.359;-80;-56.5;-80;-80;-80;-80;-80;-80
19:58:23.593;-55.5;-80;-80;-80;-80;-80;-80;-80
19:58:23.687;-80;-56.5;-80;-80;-80;-80;-80;-80
19:58:23.843;-54;-80;-80;-80;-80;-80;-80;-80
19:58:23.937;-80;-55.5;-80;-80;-80;-80;-80;-80
19:58:24.109;-53.5;-80;-80;-80;-80;-80;-80;-80
19:58:24.109;-80;-55;-80;-80;-80;-80;-80;-80
19:58:24.187;-80;-55;-80;-80;-80;-80;-80;-80
19:58:24.343;-53;-80;-80;-80;-80;-80;-80;-80
19:58:24.343;-80;-53;-80;-80;-80;-80;-80;-80
19:58:24.437;-80;-53.5;-80;-80;-80;-80;-80;-80
19:58:24.625;-53.5;-80;-80;-80;-80;-80;-80;-80
19:58:24.625;-80;-53;-80;-80;-80;-80;-80;-80
19:58:24.843;-55;-80;-80;-80;-80;-80;-80;-80
19:58:24.859;-80;-55.5;-80;-80;-80;-80;-80;-80
19:58:25.109;-53;-80;-80;-80;-80;-80;-80;-80
19:58:25.109;-80;-54;-80;-80;-80;-80;-80;-80
19:58:25.328;-53.5;-80;-80;-80;-80;-80;-80;-80
19:58:25.328;-80;-53.5;-80;-80;-80;-80;-80;-80
19:58:25.593;-53.5;-80;-80;-80;-80;-80;-80;-80
19:58:25.593;-80;-56;-80;-80;-80;-80;-80;-80
19:58:25.812;-55.5;-80;-80;-80;-80;-80;-80;-80
19:58:25.812;-80;-57;-80;-80;-80;-80;-80;-80
19:58:26.062;-53;-80;-80;-80;-80;-80;-80;-80
19:58:26.062;-80;-56.5;-80;-80;-80;-80;-80;-80
19:58:26.296;-55.5;-80;-80;-80;-80;-80;-80;-80
19:58:26.296;-80;-57.5;-80;-80;-80;-80;-80;-80
19:58:26.609;-53;-80;-80;-80;-80;-80;-80;-80
19:58:26.609;-80;-54.5;-80;-80;-80;-80;-80;-80
19:58:26.609;-80;-80;-56.5;-80;-80;-80;-80;-80
19:58:26.703;-80;-80;-56;-80;-80;-80;-80;-80
19:58:26.859;-54.5;-80;-80;-80;-80;-80;-80;-80
19:58:26.859;-80;-54.5;-80;-80;-80;-80;-80;-80
19:58:27.093;-53.5;-80;-80;-80;-80;-80;-80;-80
19:58:27.093;-80;-58;-80;-80;-80;-80;-80;-80
19:58:27.312;-54;-80;-80;-80;-80;-80;-80;-80
19:58:27.312;-80;-54.5;-80;-80;-80;-80;-80;-80
19:58:27.593;-53;-80;-80;-80;-80;-80;-80;-80
19:58:27.593;-80;-55.5;-80;-80;-80;-80;-80;-80
19:58:27.812;-53;-80;-80;-80;-80;-80;-80;-80
19:58:27.812;-80;-58;-80;-80;-80;-80;-80;-80
19:58:27.937;-54.5;-80;-80;-80;-80;-80;-80;-80
19:58:28.093;-54;-80;-80;-80;-80;-80;-80;-80
19:58:28.093;-80;-57;-80;-80;-80;-80;-80;-80
19:58:28.375;-55.5;-80;-80;-80;-80;-80;-80;-80
19:58:28.375;-80;-55.5;-80;-80;-80;-80;-80;-80
19:58:28.609;-54;-80;-80;-80;-80;-80;-80;-80
19:58:28.609;-80;-58;-80;-80;-80;-80;-80;-80
19:58:28.828;-53;-80;-80;-80;-80;-80;-80;-80
19:58:28.843;-80;-56.5;-80;-80;-80;-80;-80;-80
19:58:28.937;-53.5;-80;-80;-80;-80;-80;-80;-80
19:58:29.078;-54;-80;-80;-80;-80;-80;-80;-80
19:58:29.078;-80;-54;-80;-80;-80;-80;-80;-80
19:58:29.187;-54.5;-80;-80;-80;-80;-80;-80;-80
19:58:29.312;-54;-80;-80;-80;-80;-80;-80;-80
19:58:29.312;-80;-56;-80;-80;-80;-80;-80;-80
19:58:29.437;-56;-80;-80;-80;-80;-80;-80;-80
19:58:29.687;-54.5;-80;-80;-80;-80;-80;-80;-80
19:58:29.687;-80;-55;-80;-80;-80;-80;-80;-80
19:58:29.843;-80;-55;-80;-80;-80;-80;-80;-80
19:58:29.937;-55;-80;-80;-80;-80;-80;-80;-80
19:58:29.937;-80;-56;-80;-80;-80;-80;-80;-80
19:58:30.156;-54.5;-80;-80;-80;-80;-80;-80;-80
19:58:30.156;-80;-56;-80;-80;-80;-80;-80;-80
19:58:30.187;-80;-55;-80;-80;-80;-80;-80;-80
19:58:30.343;-80;-55.5;-80;-80;-80;-80;-80;-80
19:58:30.437;-54.5;-80;-80;-80;-80;-80;-80;-80
19:58:30.531;-53.5;-80;-80;-80;-80;-80;-80;-80
19:58:30.531;-80;-57;-80;-80;-80;-80;-80;-80
19:58:30.687;-53;-80;-80;-80;-80;-80;-80;-80
19:58:30.781;-53;-80;-80;-80;-80;-80;-80;-80
19:58:30.781;-80;-53.5;-80;-80;-80;-80;-80;-80
19:58:31.062;-54.5;-80;-80;-80;-80;-80;-80;-80
19:58:31.062;-80;-54.5;-80;-80;-80;-80;-80;-80
19:58:31.328;-53;-80;-80;-80;-80;-80;-80;-80
19:58:31.328;-80;-52.5;-80;-80;-80;-80;-80;-80
19:58:31.578;-53.5;-80;-80;-80;-80;-80;-80;-80
19:58:31.578;-80;-56;-80;-80;-80;-80;-80;-80
19:58:31.796;-80;-55.5;-80;-80;-80;-80;-80;-80
19:58:32.078;-80;-53.5;-80;-80;-80;-80;-80;-80
19:58:32.187;-54.5;-80;-80;-80;-80;-80;-80;-80
19:58:32.312;-80;-53.5;-80;-80;-80;-80;-80;-80
19:58:32.312;-80;-80;-56.5;-80;-80;-80;-80;-80
19:58:32.578;-80;-57.5;-80;-80;-80;-80;-80;-80
19:58:32.578;-80;-80;-55.5;-80;-80;-80;-80;-80
19:58:32.812;-80;-58;-80;-80;-80;-80;-80;-80
19:58:32.812;-80;-80;-54;-80;-80;-80;-80;-80
19:58:32.937;-80;-80;-56;-80;-80;-80;-80;-80
19:58:32.953;-56;-80;-80;-80;-80;-80;-80;-80
19:58:33.046;-57;-80;-80;-80;-80;-80;-80;-80
19:58:33.046;-80;-55.5;-80;-80;-80;-80;-80;-80
19:58:33.046;-80;-80;-53.5;-80;-80;-80;-80;-80
19:58:33.187;-80;-80;-53.5;-80;-80;-80;-80;-80
19:58:33.187;-80;-80;-80;-56;-80;-80;-80;-80
19:58:33.437;-45.5;-80;-80;-80;-80;-80;-80;-80
19:58:33.593;-45.5;-80;-80;-80;-80;-80;-80;-80
19:58:33.593;-80;-55.5;-80;-80;-80;-80;-80;-80
19:58:33.593;-80;-80;-57;-80;-80;-80;-80;-80
19:58:33.687;-80;-80;-57.5;-80;-80;-80;-80;-80
19:58:33.687;-80;-80;-80;-58.5;-80;-80;-80;-80
19:58:33.812;-49;-80;-80;-80;-80;-80;-80;-80
19:58:33.812;-80;-80;-80;-56.5;-80;-80;-80;-80
19:58:34.109;-50;-80;-80;-80;-80;-80;-80;-80
19:58:34.109;-80;-80;-80;-54.5;-80;-80;-80;-80
19:58:34.187;-80;-54.5;-80;-80;-80;-80;-80;-80
19:58:34.281;-80;-80;-58.5;-80;-80;-80;-80;-80
19:58:34.281;-80;-80;-80;-52;-80;-80;-80;-80
19:58:34.390;-48.5;-80;-80;-80;-80;-80;-80;-80
19:58:34.390;-80;-55.5;-80;-80;-80;-80;-80;-80
19:58:34.546;-80;-80;-59;-80;-80;-80;-80;-80
19:58:34.546;-80;-80;-80;-54;-80;-80;-80;-80
19:58:34.656;-47;-80;-80;-80;-80;-80;-80;-80
19:58:34.656;-80;-51;-80;-80;-80;-80;-80;-80
19:58:34.812;-80;-80;-53;-80;-80;-80;-80;-80
19:58:34.828;-80;-80;-80;-59.5;-80;-80;-80;-80
19:58:34.953;-49.5;-80;-80;-80;-80;-80;-80;-80
19:58:34.953;-80;-48.5;-80;-80;-80;-80;-80;-80
19:58:35.031;-80;-49;-80;-80;-80;-80;-80;-80
19:58:35.031;-80;-80;-49.5;-80;-80;-80;-80;-80
19:58:35.187;-54.5;-80;-80;-80;-80;-80;-80;-80
19:58:35.187;-80;-43.5;-80;-80;-80;-80;-80;-80
19:58:35.296;-80;-44;-80;-80;-80;-80;-80;-80
19:58:35.546;-80;-52.5;-80;-80;-80;-80;-80;-80
19:58:35.687;-80;-53;-80;-80;-80;-80;-80;-80
19:58:35.828;-80;-49.5;-80;-80;-80;-80;-80;-80
19:58:35.937;-50.5;-80;-80;-80;-80;-80;-80;-80
19:58:35.937;-80;-44.5;-80;-80;-80;-80;-80;-80
19:58:36.046;-80;-44.5;-80;-80;-80;-80;-80;-80
19:58:36.046;-80;-80;-51.5;-80;-80;-80;-80;-80
19:58:36.187;-80;-80;-80;-56.5;-80;-80;-80;-80
19:58:36.281;-80;-49.5;-80;-80;-80;-80;-80;-80
19:58:36.453;-57.5;-80;-80;-80;-80;-80;-80;-80
19:58:36.453;-80;-80;-80;-55;-80;-80;-80;-80
19:58:36.562;-57.5;-80;-80;-80;-80;-80;-80;-80
19:58:36.562;-80;-47.5;-80;-80;-80;-80;-80;-80
19:58:36.703;-80;-80;-80;-49;-80;-80;-80;-80
19:58:36.796;-51.5;-80;-80;-80;-80;-80;-80;-80
19:58:36.796;-80;-40;-80;-80;-80;-80;-80;-80
19:58:36.937;-80;-80;-50;-80;-80;-80;-80;-80
19:58:36.937;-80;-80;-80;-47.5;-80;-80;-80;-80
19:58:37.062;-48.5;-80;-80;-80;-80;-80;-80;-80
19:58:37.078;-48;-80;-80;-80;-80;-80;-80;-80
19:58:37.078;-80;-42;-80;-80;-80;-80;-80;-80
19:58:37.187;-80;-80;-49.5;-80;-80;-80;-80;-80
19:58:37.312;-50;-80;-80;-80;-80;-80;-80;-80
19:58:37.312;-80;-40.5;-80;-80;-80;-80;-80;-80
19:58:37.312;-80;-80;-80;-45.5;-80;-80;-80;-80
19:58:37.406;-80;-41;-80;-80;-80;-80;-80;-80
19:58:37.406;-80;-80;-49.5;-80;-80;-80;-80;-80
19:58:37.437;-80;-80;-80;-45.5;-80;-80;-80;-80
19:58:37.578;-50.5;-80;-80;-80;-80;-80;-80;-80
19:58:37.578;-80;-39.5;-80;-80;-80;-80;-80;-80
19:58:37.578;-80;-80;-80;-46;-80;-80;-80;-80
19:58:37.671;-80;-39.5;-80;-80;-80;-80;-80;-80
19:58:37.671;-80;-80;-52;-80;-80;-80;-80;-80
19:58:37.812;-50.5;-80;-80;-80;-80;-80;-80;-80
19:58:37.812;-80;-39.5;-80;-80;-80;-80;-80;-80
19:58:37.812;-80;-80;-80;-45.5;-80;-80;-80;-80
19:58:37.906;-80;-39;-80;-80;-80;-80;-80;-80
19:58:37.906;-80;-80;-54.5;-80;-80;-80;-80;-80
19:58:37.937;-80;-80;-80;-45;-80;-80;-80;-80
19:58:38.062;-51.5;-80;-80;-80;-80;-80;-80;-80
19:58:38.062;-80;-39.5;-80;-80;-80;-80;-80;-80
19:58:38.062;-80;-80;-80;-44.5;-80;-80;-80;-80
19:58:38.187;-80;-39.5;-80;-80;-80;-80;-80;-80
19:58:38.187;-80;-80;-48;-80;-80;-80;-80;-80
19:58:38.359;-51.5;-80;-80;-80;-80;-80;-80;-80
19:58:38.359;-80;-39.5;-80;-80;-80;-80;-80;-80
19:58:38.359;-80;-80;-80;-44;-80;-80;-80;-80
19:58:38.437;-80;-80;-43.5;-80;-80;-80;-80;-80
19:58:38.640;-52;-80;-80;-80;-80;-80;-80;-80
19:58:38.640;-80;-40;-80;-80;-80;-80;-80;-80
19:58:38.640;-80;-80;-80;-43.5;-80;-80;-80;-80
19:58:38.687;-80;-80;-42.5;-80;-80;-80;-80;-80
19:58:38.796;-51;-80;-80;-80;-80;-80;-80;-80
19:58:38.796;-80;-80;-42.5;-80;-80;-80;-80;-80
19:58:38.796;-80;-80;-80;-49;-80;-80;-80;-80
19:58:38.937;-80;-42;-80;-80;-80;-80;-80;-80
19:58:38.937;-80;-80;-44.5;-80;-80;-80;-80;-80
19:58:39.062;-47;-80;-80;-80;-80;-80;-80;-80
19:58:39.062;-80;-44;-80;-80;-80;-80;-80;-80
19:58:39.062;-80;-80;-80;-48.5;-80;-80;-80;-80
19:58:39.187;-80;-44;-80;-80;-80;-80;-80;-80
19:58:39.187;-80;-80;-46.5;-80;-80;-80;-80;-80
19:58:39.187;-80;-80;-80;-45;-80;-80;-80;-80
19:58:39.328;-48.5;-80;-80;-80;-80;-80;-80;-80
19:58:39.328;-80;-42;-80;-80;-80;-80;-80;-80
19:58:39.328;-80;-80;-80;-45;-80;-80;-80;-80
19:58:39.437;-80;-80;-44;-80;-80;-80;-80;-80
19:58:39.437;-80;-80;-80;-48;-80;-80;-80;-80
19:58:39.656;-47;-80;-80;-80;-80;-80;-80;-80
19:58:39.656;-80;-41.5;-80;-80;-80;-80;-80;-80
19:58:39.656;-80;-80;-43;-80;-80;-80;-80;-80
19:58:39.687;-80;-80;-80;-46.5;-80;-80;-80;-80
19:58:39.875;-47.5;-80;-80;-80;-80;-80;-80;-80
19:58:39.875;-80;-40.5;-80;-80;-80;-80;-80;-80
19:58:39.875;-80;-80;-44.5;-80;-80;-80;-80;-80
19:58:39.875;-80;-80;-80;-46;-80;-80;-80;-80
19:58:39.937;-80;-80;-44.5;-80;-80;-80;-80;-80
19:58:40.093;-45.5;-80;-80;-80;-80;-80;-80;-80
19:58:40.093;-80;-41.5;-80;-80;-80;-80;-80;-80
19:58:40.093;-80;-80;-80;-47;-80;-80;-80;-80
19:58:40.187;-80;-80;-44;-80;-80;-80;-80;-80
19:58:40.328;-44.5;-80;-80;-80;-80;-80;-80;-80
19:58:40.312;-80;-80;-80;-46.5;-80;-80;-80;-80
19:58:40.437;-80;-41;-80;-80;-80;-80;-80;-80
19:58:40.578;-45;-80;-80;-80;-80;-80;-80;-80
19:58:40.578;-80;-80;-44.5;-80;-80;-80;-80;-80
19:58:40.578;-80;-80;-80;-45;-80;-80;-80;-80
19:58:40.687;-45.5;-80;-80;-80;-80;-80;-80;-80
19:58:40.687;-80;-39.5;-80;-80;-80;-80;-80;-80
19:58:40.796;-80;-39.5;-80;-80;-80;-80;-80;-80
19:58:40.796;-80;-80;-44.5;-80;-80;-80;-80;-80
19:58:40.796;-80;-80;-80;-46;-80;-80;-80;-80
19:58:40.937;-45.5;-80;-80;-80;-80;-80;-80;-80
19:58:40.937;-80;-40;-80;-80;-80;-80;-80;-80
19:58:40.937;-80;-80;-80;-43.5;-80;-80;-80;-80
19:58:41.125;-80;-40;-80;-80;-80;-80;-80;-80
19:58:41.125;-80;-80;-45;-80;-80;-80;-80;-80
19:58:41.125;-80;-80;-80;-46.5;-80;-80;-80;-80
19:58:41.187;-45;-80;-80;-80;-80;-80;-80;-80
19:58:41.312;-80;-39;-80;-80;-80;-80;-80;-80
19:58:41.312;-80;-80;-44;-80;-80;-80;-80;-80
19:58:41.437;-45.5;-80;-80;-80;-80;-80;-80;-80
19:58:41.437;-80;-80;-80;-45.5;-80;-80;-80;-80
19:58:41.546;-45.5;-80;-80;-80;-80;-80;-80;-80
19:58:41.546;-80;-39;-80;-80;-80;-80;-80;-80
19:58:41.546;-80;-80;-44;-80;-80;-80;-80;-80
19:58:41.687;-45.5;-80;-80;-80;-80;-80;-80;-80
19:58:41.687;-80;-80;-44;-80;-80;-80;-80;-80
19:58:41.687;-80;-80;-80;-44.5;-80;-80;-80;-80
19:58:41.828;-45.5;-80;-80;-80;-80;-80;-80;-80
19:58:41.828;-80;-39.5;-80;-80;-80;-80;-80;-80
19:58:41.828;-80;-80;-45;-80;-80;-80;-80;-80
19:58:41.937;-80;-80;-80;-46.5;-80;-80;-80;-80
19:58:42.093;-45.5;-80;-80;-80;-80;-80;-80;-80
19:58:42.093;-80;-41;-80;-80;-80;-80;-80;-80
19:58:42.093;-80;-80;-44;-80;-80;-80;-80;-80
19:58:42.187;-80;-80;-43.5;-80;-80;-80;-80;-80
19:58:42.187;-80;-80;-80;-47;-80;-80;-80;-80
19:58:42.406;-46;-80;-80;-80;-80;-80;-80;-80
19:58:42.406;-80;-41;-80;-80;-80;-80;-80;-80
19:58:42.406;-80;-80;-45.5;-80;-80;-80;-80;-80
19:58:42.437;-80;-80;-45.5;-80;-80;-80;-80;-80
19:58:42.640;-46;-80;-80;-80;-80;-80;-80;-80
19:58:42.640;-80;-39.5;-80;-80;-80;-80;-80;-80
19:58:42.640;-80;-80;-80;-43.5;-80;-80;-80;-80
19:58:42.812;-46;-80;-80;-80;-80;-80;-80;-80
19:58:42.812;-80;-80;-44.5;-80;-80;-80;-80;-80
19:58:42.812;-80;-80;-80;-44;-80;-80;-80;-80
19:58:42.937;-46.5;-80;-80;-80;-80;-80;-80;-80
19:58:42.937;-80;-41.5;-80;-80;-80;-80;-80;-80
19:58:43.156;-80;-80;-45;-80;-80;-80;-80;-80
19:58:43.156;-46.5;-80;-80;-80;-80;-80;-80;-80
19:58:43.187;-80;-40;-80;-80;-80;-80;-80;-80
19:58:43.156;-80;-80;-45;-80;-80;-80;-80;-80
19:58:43.156;-80;-80;-80;-46.5;-80;-80;-80;-80
19:58:43.359;-45.5;-80;-80;-80;-80;-80;-80;-80
19:58:43.359;-80;-80;-44;-80;-80;-80;-80;-80
19:58:43.359;-80;-80;-80;-44.5;-80;-80;-80;-80
19:58:43.437;-80;-39.5;-80;-80;-80;-80;-80;-80
19:58:43.562;-46;-80;-80;-80;-80;-80;-80;-80
19:58:43.562;-80;-80;-45;-80;-80;-80;-80;-80
19:58:43.562;-80;-80;-80;-45;-80;-80;-80;-80
19:58:43.687;-46;-80;-80;-80;-80;-80;-80;-80
19:58:43.687;-80;-39;-80;-80;-80;-80;-80;-80
19:58:43.687;-80;-80;-44;-80;-80;-80;-80;-80
19:58:43.875;-46;-80;-80;-80;-80;-80;-80;-80
19:58:43.890;-80;-39.5;-80;-80;-80;-80;-80;-80
19:58:43.875;-80;-80;-44.5;-80;-80;-80;-80;-80
19:58:43.875;-80;-80;-80;-45;-80;-80;-80;-80
19:58:43.937;-80;-39;-80;-80;-80;-80;-80;-80
19:58:44.125;-43;-80;-80;-80;-80;-80;-80;-80
19:58:44.125;-80;-80;-44.5;-80;-80;-80;-80;-80
19:58:44.125;-80;-80;-80;-44;-80;-80;-80;-80
19:58:44.187;-80;-39.5;-80;-80;-80;-80;-80;-80
19:58:44.343;-46;-80;-80;-80;-80;-80;-80;-80
19:58:44.343;-80;-80;-44.5;-80;-80;-80;-80;-80
19:58:44.343;-80;-80;-80;-43;-80;-80;-80;-80
19:58:44.437;-46.5;-80;-80;-80;-80;-80;-80;-80
19:58:44.437;-80;-41;-80;-80;-80;-80;-80;-80
19:58:44.656;-48;-80;-80;-80;-80;-80;-80;-80
19:58:44.656;-80;-80;-44.5;-80;-80;-80;-80;-80
19:58:44.656;-80;-80;-80;-46;-80;-80;-80;-80
19:58:44.656;-47.5;-80;-80;-80;-80;-80;-80;-80
19:58:44.687;-80;-39.5;-80;-80;-80;-80;-80;-80
19:58:44.906;-80;-80;-45.5;-80;-80;-80;-80;-80
19:58:44.906;-80;-80;-80;-46.5;-80;-80;-80;-80
19:58:44.906;-47;-80;-80;-80;-80;-80;-80;-80
19:58:44.921;-80;-40;-80;-80;-80;-80;-80;-80
19:58:45.171;-46.5;-80;-80;-80;-80;-80;-80;-80
19:58:45.171;-80;-40.5;-80;-80;-80;-80;-80;-80
19:58:45.171;-80;-80;-44;-80;-80;-80;-80;-80
19:58:45.171;-80;-80;-80;-46;-80;-80;-80;-80
19:58:45.375;-48.5;-80;-80;-80;-80;-80;-80;-80
19:58:45.375;-80;-40;-80;-80;-80;-80;-80;-80
19:58:45.375;-80;-80;-45;-80;-80;-80;-80;-80
19:58:45.375;-80;-80;-80;-43.5;-80;-80;-80;-80
19:58:45.437;-48.5;-80;-80;-80;-80;-80;-80;-80
19:58:45.625;-45.5;-80;-80;-80;-80;-80;-80;-80
19:58:45.625;-80;-39.5;-80;-80;-80;-80;-80;-80
19:58:45.625;-80;-80;-45;-80;-80;-80;-80;-80
19:58:45.625;-80;-80;-80;-46;-80;-80;-80;-80
19:58:45.687;-45.5;-80;-80;-80;-80;-80;-80;-80
19:58:45.859;-45.5;-80;-80;-80;-80;-80;-80;-80
19:58:45.859;-80;-41;-80;-80;-80;-80;-80;-80
19:58:45.859;-80;-80;-44.5;-80;-80;-80;-80;-80
19:58:45.859;-80;-80;-80;-46.5;-80;-80;-80;-80
19:58:45.937;-46;-80;-80;-80;-80;-80;-80;-80
19:58:45.937;-80;-41;-80;-80;-80;-80;-80;-80
19:58:46.125;-44.5;-80;-80;-80;-80;-80;-80;-80
19:58:46.125;-80;-80;-45;-80;-80;-80;-80;-80
19:58:46.125;-80;-80;-80;-46.5;-80;-80;-80;-80
19:58:46.375;-50;-80;-80;-80;-80;-80;-80;-80
19:58:46.375;-80;-39;-80;-80;-80;-80;-80;-80
19:58:46.375;-80;-80;-44.5;-80;-80;-80;-80;-80
19:58:46.375;-80;-80;-80;-45;-80;-80;-80;-80
19:58:46.437;-49.5;-80;-80;-80;-80;-80;-80;-80
19:58:46.625;-45.5;-80;-80;-80;-80;-80;-80;-80
19:58:46.625;-80;-39.5;-80;-80;-80;-80;-80;-80
19:58:46.625;-80;-80;-45;-80;-80;-80;-80;-80
19:58:46.625;-80;-80;-80;-44;-80;-80;-80;-80
19:58:46.687;-45;-80;-80;-80;-80;-80;-80;-80
19:58:46.687;-80;-39;-80;-80;-80;-80;-80;-80
19:58:46.906;-46.5;-80;-80;-80;-80;-80;-80;-80
19:58:46.906;-80;-39;-80;-80;-80;-80;-80;-80
19:58:46.906;-80;-80;-44;-80;-80;-80;-80;-80
19:58:46.906;-80;-80;-80;-46.5;-80;-80;-80;-80
19:58:46.937;-46.5;-80;-80;-80;-80;-80;-80;-80
19:58:46.937;-80;-38.5;-80;-80;-80;-80;-80;-80
19:58:47.156;-80;-38.5;-80;-80;-80;-80;-80;-80
19:58:47.156;-80;-80;-44;-80;-80;-80;-80;-80
19:58:47.171;-46;-80;-80;-80;-80;-80;-80;-80
19:58:47.171;-80;-80;-80;-47.5;-80;-80;-80;-80
19:58:47.437;-47.5;-80;-80;-80;-80;-80;-80;-80
19:58:47.437;-80;-40.5;-80;-80;-80;-80;-80;-80
19:58:47.437;-80;-80;-44;-80;-80;-80;-80;-80
19:58:47.437;-80;-80;-80;-46.5;-80;-80;-80;-80
19:58:47.546;-48.5;-80;-80;-80;-80;-80;-80;-80
19:58:47.546;-80;-42;-80;-80;-80;-80;-80;-80
19:58:47.546;-80;-80;-46.5;-80;-80;-80;-80;-80
19:58:47.687;-51;-80;-80;-80;-80;-80;-80;-80
19:58:47.687;-80;-80;-80;-47.5;-80;-80;-80;-80
19:58:47.765;-51;-80;-80;-80;-80;-80;-80;-80
19:58:47.765;-80;-41.5;-80;-80;-80;-80;-80;-80
19:58:47.765;-80;-80;-46;-80;-80;-80;-80;-80
19:58:47.937;-51;-80;-80;-80;-80;-80;-80;-80
19:58:47.937;-80;-80;-45.5;-80;-80;-80;-80;-80
19:58:47.937;-80;-80;-80;-46.5;-80;-80;-80;-80
19:58:48.015;-51;-80;-80;-80;-80;-80;-80;-80
19:58:48.031;-80;-40.5;-80;-80;-80;-80;-80;-80
19:58:48.187;-50;-80;-80;-80;-80;-80;-80;-80
19:58:48.187;-80;-80;-45;-80;-80;-80;-80;-80
19:58:48.187;-80;-80;-80;-49;-80;-80;-80;-80
19:58:48.312;-80;-40;-80;-80;-80;-80;-80;-80
19:58:48.312;-80;-80;-43.5;-80;-80;-80;-80;-80
19:58:48.437;-47.5;-80;-80;-80;-80;-80;-80;-80
19:58:48.437;-80;-80;-80;-45.5;-80;-80;-80;-80
19:58:48.562;-80;-40.5;-80;-80;-80;-80;-80;-80
19:58:48.562;-80;-80;-45.5;-80;-80;-80;-80;-80
19:58:48.687;-48;-80;-80;-80;-80;-80;-80;-80
19:58:48.687;-80;-80;-80;-45.5;-80;-80;-80;-80
19:58:48.765;-48.5;-80;-80;-80;-80;-80;-80;-80
19:58:48.781;-80;-41;-80;-80;-80;-80;-80;-80
19:58:48.781;-80;-80;-44.5;-80;-80;-80;-80;-80
19:58:48.921;-80;-80;-44.5;-80;-80;-80;-80;-80
19:58:48.921;-80;-80;-80;-48;-80;-80;-80;-80
19:58:48.921;-51;-80;-80;-80;-80;-80;-80;-80
19:58:48.921;-80;-80;-80;-48;-80;-80;-80;-80
19:58:49.093;-80;-40.5;-80;-80;-80;-80;-80;-80
19:58:49.093;-80;-80;-45.5;-80;-80;-80;-80;-80
19:58:49.093;-80;-80;-80;-47.5;-80;-80;-80;-80
19:58:49.187;-52.5;-80;-80;-80;-80;-80;-80;-80
19:58:49.187;-80;-80;-80;-47;-80;-80;-80;-80
19:58:49.343;-52;-80;-80;-80;-80;-80;-80;-80
19:58:49.343;-80;-41;-80;-80;-80;-80;-80;-80
19:58:49.343;-80;-80;-46.5;-80;-80;-80;-80;-80
19:58:49.343;-80;-80;-80;-47;-80;-80;-80;-80
19:58:49.437;-51.5;-80;-80;-80;-80;-80;-80;-80
19:58:49.437;-80;-80;-80;-47;-80;-80;-80;-80
19:58:49.656;-52.5;-80;-80;-80;-80;-80;-80;-80
19:58:49.656;-80;-40.5;-80;-80;-80;-80;-80;-80
19:58:49.656;-80;-80;-45;-80;-80;-80;-80;-80
19:58:49.656;-80;-80;-80;-46.5;-80;-80;-80;-80
19:58:49.687;-52.5;-80;-80;-80;-80;-80;-80;-80
19:58:49.921;-48.5;-80;-80;-80;-80;-80;-80;-80
19:58:49.906;-80;-41;-80;-80;-80;-80;-80;-80
19:58:49.906;-80;-80;-46;-80;-80;-80;-80;-80
19:58:49.906;-80;-80;-80;-44.5;-80;-80;-80;-80
19:58:50.109;-80;-80;-45;-80;-80;-80;-80;-80
19:58:50.109;-80;-80;-80;-46.5;-80;-80;-80;-80
19:58:50.187;-51;-80;-80;-80;-80;-80;-80;-80
19:58:50.187;-80;-80;-80;-46;-80;-80;-80;-80
19:58:50.359;-51;-80;-80;-80;-80;-80;-80;-80
19:58:50.375;-80;-38.5;-80;-80;-80;-80;-80;-80
19:58:50.375;-80;-80;-46;-80;-80;-80;-80;-80
19:58:50.437;-80;-80;-80;-46.5;-80;-80;-80;-80
19:58:50.593;-51;-80;-80;-80;-80;-80;-80;-80
19:58:50.593;-80;-38;-80;-80;-80;-80;-80;-80
19:58:50.593;-80;-80;-46;-80;-80;-80;-80;-80
19:58:50.687;-80;-80;-80;-46.5;-80;-80;-80;-80
19:58:50.781;-49;-80;-80;-80;-80;-80;-80;-80
19:58:50.781;-80;-38.5;-80;-80;-80;-80;-80;-80
19:58:50.937;-80;-80;-45;-80;-80;-80;-80;-80
19:58:50.937;-80;-80;-80;-46;-80;-80;-80;-80
19:58:51.093;-50;-80;-80;-80;-80;-80;-80;-80
19:58:51.093;-80;-36.5;-80;-80;-80;-80;-80;-80
19:58:51.187;-80;-80;-43.5;-80;-80;-80;-80;-80
19:58:51.390;-46.5;-80;-80;-80;-80;-80;-80;-80
19:58:51.390;-80;-39;-80;-80;-80;-80;-80;-80
19:58:51.390;-80;-80;-80;-44.5;-80;-80;-80;-80
19:58:51.437;-80;-80;-45.5;-80;-80;-80;-80;-80
19:58:51.609;-49;-80;-80;-80;-80;-80;-80;-80
19:58:51.609;-80;-39;-80;-80;-80;-80;-80;-80
19:58:51.609;-80;-80;-80;-45.5;-80;-80;-80;-80
19:58:51.687;-80;-39;-80;-80;-80;-80;-80;-80
19:58:51.843;-49.5;-80;-80;-80;-80;-80;-80;-80
19:58:51.843;-80;-80;-44.5;-80;-80;-80;-80;-80
19:58:51.843;-80;-80;-80;-46;-80;-80;-80;-80
19:58:51.937;-80;-38.5;-80;-80;-80;-80;-80;-80
19:58:52.140;-54;-80;-80;-80;-80;-80;-80;-80
19:58:52.125;-80;-80;-48;-80;-80;-80;-80;-80
19:58:52.125;-80;-80;-80;-48;-80;-80;-80;-80
19:58:52.359;-80;-39.5;-80;-80;-80;-80;-80;-80
19:58:52.359;-80;-80;-49;-80;-80;-80;-80;-80
19:58:52.359;-80;-80;-80;-50;-80;-80;-80;-80
19:58:52.437;-80;-39;-80;-80;-80;-80;-80;-80
19:58:52.609;-80;-39;-80;-80;-80;-80;-80;-80
19:58:52.609;-80;-80;-48;-80;-80;-80;-80;-80
19:58:52.609;-80;-80;-80;-50;-80;-80;-80;-80
19:58:52.687;-80;-40.5;-80;-80;-80;-80;-80;-80
19:58:52.875;-52;-80;-80;-80;-80;-80;-80;-80
19:58:52.859;-80;-80;-45.5;-80;-80;-80;-80;-80
19:58:52.859;-80;-80;-80;-47;-80;-80;-80;-80
19:58:52.937;-52;-80;-80;-80;-80;-80;-80;-80
19:58:52.953;-80;-40.5;-80;-80;-80;-80;-80;-80
19:58:53.062;-80;-40;-80;-80;-80;-80;-80;-80
19:58:53.062;-80;-80;-46;-80;-80;-80;-80;-80
19:58:53.062;-80;-80;-80;-47.5;-80;-80;-80;-80
19:58:53.187;-80;-80;-80;-47.5;-80;-80;-80;-80
19:58:53.375;-51.5;-80;-80;-80;-80;-80;-80;-80
19:58:53.375;-80;-40;-80;-80;-80;-80;-80;-80
19:58:53.375;-80;-80;-49;-80;-80;-80;-80;-80
19:58:53.375;-80;-80;-80;-48.5;-80;-80;-80;-80
19:58:53.437;-51;-80;-80;-80;-80;-80;-80;-80
19:58:53.437;-80;-41;-80;-80;-80;-80;-80;-80
19:58:53.609;-80;-41;-80;-80;-80;-80;-80;-80
19:58:53.609;-80;-80;-47;-80;-80;-80;-80;-80
19:58:53.687;-80;-80;-80;-47;-80;-80;-80;-80
19:58:53.781;-51;-80;-80;-80;-80;-80;-80;-80
19:58:53.781;-80;-41;-80;-80;-80;-80;-80;-80
19:58:53.921;-80;-41;-80;-80;-80;-80;-80;-80
19:58:53.921;-80;-80;-48;-80;-80;-80;-80;-80
19:58:53.921;-80;-80;-80;-47.5;-80;-80;-80;-80
19:58:54.093;-53;-80;-80;-80;-80;-80;-80;-80
19:58:54.093;-80;-40.5;-80;-80;-80;-80;-80;-80
19:58:54.093;-80;-80;-80;-47;-80;-80;-80;-80
19:58:54.187;-80;-40.5;-80;-80;-80;-80;-80;-80
19:58:54.187;-80;-80;-47.5;-80;-80;-80;-80;-80
19:58:54.328;-54;-80;-80;-80;-80;-80;-80;-80
19:58:54.328;-80;-80;-48.5;-80;-80;-80;-80;-80
19:58:54.328;-80;-80;-80;-48;-80;-80;-80;-80
19:58:54.437;-51;-80;-80;-80;-80;-80;-80;-80
19:58:54.437;-80;-41.5;-80;-80;-80;-80;-80;-80
19:58:54.578;-80;-41.5;-80;-80;-80;-80;-80;-80
19:58:54.578;-80;-80;-48;-80;-80;-80;-80;-80
19:58:54.578;-80;-80;-80;-50.5;-80;-80;-80;-80
19:58:54.687;-80;-80;-80;-50;-80;-80;-80;-80
19:58:54.828;-80;-40.5;-80;-80;-80;-80;-80;-80
19:58:54.828;-80;-80;-50.5;-80;-80;-80;-80;-80
19:58:54.828;-80;-80;-80;-49;-80;-80;-80;-80
19:58:54.937;-80;-80;-80;-49;-80;-80;-80;-80
19:58:55.031;-80;-39.5;-80;-80;-80;-80;-80;-80
19:58:55.031;-80;-80;-49;-80;-80;-80;-80;-80
19:58:55.187;-80;-80;-80;-49.5;-80;-80;-80;-80
19:58:55.343;-80;-39.5;-80;-80;-80;-80;-80;-80
19:58:55.343;-80;-80;-52;-80;-80;-80;-80;-80
19:58:55.343;-80;-80;-80;-49;-80;-80;-80;-80
19:58:55.437;-48.5;-80;-80;-80;-80;-80;-80;-80
19:58:55.437;-80;-80;-80;-48;-80;-80;-80;-80
19:58:55.531;-48.5;-80;-80;-80;-80;-80;-80;-80
19:58:55.531;-80;-37.5;-80;-80;-80;-80;-80;-80
19:58:55.687;-80;-80;-46;-80;-80;-80;-80;-80
19:58:55.687;-80;-80;-80;-46;-80;-80;-80;-80
19:58:55.859;-48;-80;-80;-80;-80;-80;-80;-80
19:58:55.859;-80;-41;-80;-80;-80;-80;-80;-80
19:58:55.859;-80;-80;-45.5;-80;-80;-80;-80;-80
19:58:55.859;-80;-80;-80;-46;-80;-80;-80;-80
19:58:55.937;-80;-80;-45.5;-80;-80;-80;-80;-80
19:58:55.937;-80;-80;-80;-47.5;-80;-80;-80;-80
19:58:56.140;-47;-80;-80;-80;-80;-80;-80;-80
19:58:56.140;-80;-80;-80;-48;-80;-80;-80;-80
19:58:56.140;-80;-42;-80;-80;-80;-80;-80;-80
19:58:56.140;-80;-80;-45.5;-80;-80;-80;-80;-80
19:58:56.187;-80;-80;-80;-48;-80;-80;-80;-80
19:58:56.359;-46.5;-80;-80;-80;-80;-80;-80;-80
19:58:56.359;-80;-40.5;-80;-80;-80;-80;-80;-80
19:58:56.359;-80;-80;-43;-80;-80;-80;-80;-80
19:58:56.359;-80;-80;-80;-48.5;-80;-80;-80;-80
19:58:56.437;-80;-80;-42.5;-80;-80;-80;-80;-80
19:58:56.437;-80;-80;-80;-45.5;-80;-80;-80;-80
19:58:56.578;-48;-80;-80;-80;-80;-80;-80;-80
19:58:56.578;-80;-40.5;-80;-80;-80;-80;-80;-80
19:58:56.578;-80;-80;-44;-80;-80;-80;-80;-80
19:58:56.578;-80;-80;-80;-45;-80;-80;-80;-80
19:58:56.687;-80;-80;-47.5;-80;-80;-80;-80;-80
19:58:56.687;-80;-80;-80;-44.5;-80;-80;-80;-80
19:58:56.828;-47.5;-80;-80;-80;-80;-80;-80;-80
19:58:56.843;-80;-40.5;-80;-80;-80;-80;-80;-80
19:58:56.843;-80;-80;-44.5;-80;-80;-80;-80;-80
19:58:56.828;-80;-80;-80;-44.5;-80;-80;-80;-80
19:58:56.937;-80;-80;-44.5;-80;-80;-80;-80;-80
19:58:56.937;-80;-80;-80;-43.5;-80;-80;-80;-80
19:58:57.078;-46.5;-80;-80;-80;-80;-80;-80;-80
19:58:57.078;-80;-40.5;-80;-80;-80;-80;-80;-80
19:58:57.187;-80;-80;-44;-80;-80;-80;-80;-80
19:58:57.375;-53.5;-80;-80;-80;-80;-80;-80;-80
19:58:57.375;-80;-40;-80;-80;-80;-80;-80;-80
19:58:57.375;-80;-80;-80;-48;-80;-80;-80;-80
19:58:57.437;-80;-80;-44;-80;-80;-80;-80;-80
19:58:57.609;-49;-80;-80;-80;-80;-80;-80;-80
19:58:57.609;-80;-40;-80;-80;-80;-80;-80;-80
19:58:57.609;-80;-80;-44.5;-80;-80;-80;-80;-80
19:58:57.609;-80;-80;-80;-47.5;-80;-80;-80;-80
19:58:57.703;-80;-40;-80;-80;-80;-80;-80;-80
19:58:57.703;-80;-80;-45;-80;-80;-80;-80;-80
19:58:57.828;-48.5;-80;-80;-80;-80;-80;-80;-80
19:58:57.828;-80;-80;-45;-80;-80;-80;-80;-80
19:58:57.828;-80;-80;-80;-47;-80;-80;-80;-80
19:58:57.937;-80;-41;-80;-80;-80;-80;-80;-80
19:58:57.937;-80;-80;-44.5;-80;-80;-80;-80;-80
19:58:58.093;-47;-80;-80;-80;-80;-80;-80;-80
19:58:58.093;-80;-80;-44.5;-80;-80;-80;-80;-80
19:58:58.093;-80;-80;-80;-48;-80;-80;-80;-80
19:58:58.187;-80;-40;-80;-80;-80;-80;-80;-80
19:58:58.187;-80;-80;-45;-80;-80;-80;-80;-80
19:58:58.375;-47.5;-80;-80;-80;-80;-80;-80;-80
19:58:58.375;-80;-80;-45;-80;-80;-80;-80;-80
19:58:58.375;-80;-80;-80;-47;-80;-80;-80;-80
19:58:58.437;-80;-39.5;-80;-80;-80;-80;-80;-80
19:58:58.625;-53;-80;-80;-80;-80;-80;-80;-80
19:58:58.625;-80;-80;-44.5;-80;-80;-80;-80;-80
19:58:58.625;-80;-80;-80;-46.5;-80;-80;-80;-80
19:58:58.687;-80;-39.5;-80;-80;-80;-80;-80;-80
19:58:58.890;-51.5;-80;-80;-80;-80;-80;-80;-80
19:58:58.890;-80;-80;-44.5;-80;-80;-80;-80;-80
19:58:58.890;-80;-80;-80;-46.5;-80;-80;-80;-80
19:58:58.937;-80;-39.5;-80;-80;-80;-80;-80;-80
19:58:59.109;-80;-39.5;-80;-80;-80;-80;-80;-80
19:58:59.109;-80;-80;-44;-80;-80;-80;-80;-80
19:58:59.109;-80;-80;-80;-46.5;-80;-80;-80;-80
19:58:59.187;-51;-80;-80;-80;-80;-80;-80;-80
19:58:59.406;-49;-80;-80;-80;-80;-80;-80;-80
19:58:59.406;-80;-39;-80;-80;-80;-80;-80;-80
19:58:59.406;-80;-80;-44.5;-80;-80;-80;-80;-80
19:58:59.406;-80;-80;-80;-47.5;-80;-80;-80;-80
19:58:59.437;-48.5;-80;-80;-80;-80;-80;-80;-80
19:58:59.640;-47;-80;-80;-80;-80;-80;-80;-80
19:58:59.640;-80;-42;-80;-80;-80;-80;-80;-80
19:58:59.640;-80;-80;-44.5;-80;-80;-80;-80;-80
19:58:59.640;-80;-80;-80;-48;-80;-80;-80;-80
19:58:59.687;-47;-80;-80;-80;-80;-80;-80;-80
19:58:59.875;-80;-41;-80;-80;-80;-80;-80;-80
19:58:59.875;-80;-80;-43.5;-80;-80;-80;-80;-80
19:58:59.875;-80;-80;-80;-48;-80;-80;-80;-80
19:58:59.937;-48.5;-80;-80;-80;-80;-80;-80;-80
19:59:00.046;-48;-80;-80;-80;-80;-80;-80;-80
19:59:00.046;-80;-41.5;-80;-80;-80;-80;-80;-80
19:59:00.046;-80;-80;-43.5;-80;-80;-80;-80;-80
19:59:00.187;-47;-80;-80;-80;-80;-80;-80;-80
19:59:00.187;-80;-80;-80;-45.5;-80;-80;-80;-80
19:59:00.359;-46.5;-80;-80;-80;-80;-80;-80;-80
19:59:00.390;-80;-39;-80;-80;-80;-80;-80;-80
19:59:00.390;-80;-80;-44;-80;-80;-80;-80;-80
19:59:00.437;-80;-80;-80;-47.5;-80;-80;-80;-80
19:59:00.593;-47;-80;-80;-80;-80;-80;-80;-80
19:59:00.593;-80;-41.5;-80;-80;-80;-80;-80;-80
19:59:00.593;-80;-80;-44;-80;-80;-80;-80;-80
19:59:00.687;-80;-80;-44;-80;-80;-80;-80;-80
19:59:00.687;-80;-80;-80;-48;-80;-80;-80;-80
19:59:00.843;-48;-80;-80;-80;-80;-80;-80;-80
19:59:00.843;-80;-40.5;-80;-80;-80;-80;-80;-80
19:59:00.843;-80;-80;-44;-80;-80;-80;-80;-80
19:59:00.937;-80;-80;-44;-80;-80;-80;-80;-80
19:59:00.937;-80;-80;-80;-46;-80;-80;-80;-80
19:59:01.093;-49;-80;-80;-80;-80;-80;-80;-80
19:59:01.093;-80;-39.5;-80;-80;-80;-80;-80;-80
19:59:01.093;-80;-80;-44;-80;-80;-80;-80;-80
19:59:01.187;-80;-80;-44;-80;-80;-80;-80;-80
19:59:01.187;-80;-80;-80;-46.5;-80;-80;-80;-80
19:59:01.343;-49.5;-80;-80;-80;-80;-80;-80;-80
19:59:01.343;-80;-40.5;-80;-80;-80;-80;-80;-80
19:59:01.343;-80;-80;-80;-47;-80;-80;-80;-80
19:59:01.437;-80;-80;-43.5;-80;-80;-80;-80;-80
19:59:01.578;-48;-80;-80;-80;-80;-80;-80;-80
19:59:01.578;-80;-80;-80;-44;-80;-80;-80;-80
19:59:01.687;-80;-40.5;-80;-80;-80;-80;-80;-80
19:59:01.687;-80;-80;-44.5;-80;-80;-80;-80;-80
19:59:01.921;-48.5;-80;-80;-80;-80;-80;-80;-80
19:59:01.921;-80;-39;-80;-80;-80;-80;-80;-80
19:59:01.921;-80;-80;-43.5;-80;-80;-80;-80;-80
19:59:01.921;-80;-80;-80;-45.5;-80;-80;-80;-80
19:59:02.125;-48;-80;-80;-80;-80;-80;-80;-80
19:59:02.125;-80;-39.5;-80;-80;-80;-80;-80;-80
19:59:02.125;-80;-80;-43.5;-80;-80;-80;-80;-80
19:59:02.125;-80;-80;-80;-45;-80;-80;-80;-80
19:59:02.375;-49;-80;-80;-80;-80;-80;-80;-80
19:59:02.375;-80;-80;-44.5;-80;-80;-80;-80;-80
19:59:02.375;-80;-80;-80;-47.5;-80;-80;-80;-80
19:59:02.437;-80;-41.5;-80;-80;-80;-80;-80;-80
19:59:02.437;-80;-41.5;-80;-80;-80;-80;-80;-80
19:59:02.640;-49.5;-80;-80;-80;-80;-80;-80;-80
19:59:02.640;-80;-41.5;-80;-80;-80;-80;-80;-80
19:59:02.640;-80;-80;-43.5;-80;-80;-80;-80;-80
19:59:02.640;-80;-80;-80;-48;-80;-80;-80;-80
19:59:02.687;-80;-41;-80;-80;-80;-80;-80;-80
19:59:02.921;-48;-80;-80;-80;-80;-80;-80;-80
19:59:02.921;-80;-41.5;-80;-80;-80;-80;-80;-80
19:59:02.921;-80;-80;-43.5;-80;-80;-80;-80;-80
19:59:02.921;-80;-80;-80;-48;-80;-80;-80;-80
19:59:03.093;-80;-41.5;-80;-80;-80;-80;-80;-80
19:59:03.093;-80;-80;-44;-80;-80;-80;-80;-80
19:59:03.093;-80;-80;-80;-44.5;-80;-80;-80;-80
19:59:03.187;-50;-80;-80;-80;-80;-80;-80;-80
19:59:03.296;-47.5;-80;-80;-80;-80;-80;-80;-80
19:59:03.296;-80;-40.5;-80;-80;-80;-80;-80;-80
19:59:03.296;-80;-80;-44;-80;-80;-80;-80;-80
19:59:03.437;-47.5;-80;-80;-80;-80;-80;-80;-80
19:59:03.437;-80;-80;-80;-45;-80;-80;-80;-80
19:59:03.609;-47;-80;-80;-80;-80;-80;-80;-80
19:59:03.609;-80;-42;-80;-80;-80;-80;-80;-80
19:59:03.609;-80;-80;-44;-80;-80;-80;-80;-80
19:59:03.640;-80;-80;-43.5;-80;-80;-80;-80;-80
19:59:03.687;-80;-80;-80;-43.5;-80;-80;-80;-80
19:59:03.843;-52.5;-80;-80;-80;-80;-80;-80;-80
19:59:03.843;-80;-40;-80;-80;-80;-80;-80;-80
19:59:03.843;-80;-80;-80;-44;-80;-80;-80;-80
19:59:03.937;-80;-80;-44.5;-80;-80;-80;-80;-80
19:59:04.109;-51.5;-80;-80;-80;-80;-80;-80;-80
19:59:04.109;-80;-39;-80;-80;-80;-80;-80;-80
19:59:04.109;-80;-80;-80;-45.5;-80;-80;-80;-80
19:59:04.187;-80;-80;-44.5;-80;-80;-80;-80;-80
19:59:04.203;-80;-80;-44;-80;-80;-80;-80;-80
19:59:04.203;-80;-80;-80;-46;-80;-80;-80;-80
19:59:04.375;-51;-80;-80;-80;-80;-80;-80;-80
19:59:04.375;-80;-39.5;-80;-80;-80;-80;-80;-80
19:59:04.375;-80;-80;-80;-45.5;-80;-80;-80;-80
19:59:04.437;-80;-80;-44;-80;-80;-80;-80;-80
19:59:04.578;-49;-80;-80;-80;-80;-80;-80;-80
19:59:04.578;-80;-80;-44;-80;-80;-80;-80;-80
19:59:04.578;-80;-80;-80;-45;-80;-80;-80;-80
19:59:04.687;-80;-40.5;-80;-80;-80;-80;-80;-80
19:59:04.687;-80;-80;-44;-80;-80;-80;-80;-80
19:59:04.859;-47.5;-80;-80;-80;-80;-80;-80;-80
19:59:04.859;-80;-80;-44;-80;-80;-80;-80;-80
19:59:04.859;-80;-80;-80;-44;-80;-80;-80;-80
19:59:04.937;-47.5;-80;-80;-80;-80;-80;-80;-80
19:59:04.937;-80;-41.5;-80;-80;-80;-80;-80;-80
19:59:05.125;-50.5;-80;-80;-80;-80;-80;-80;-80
19:59:05.125;-80;-42;-80;-80;-80;-80;-80;-80
19:59:05.125;-80;-80;-43;-80;-80;-80;-80;-80
19:59:05.125;-80;-80;-80;-47;-80;-80;-80;-80
