timestamp;rssi1;rssi2;rssi3;rssi4;rssi5;rssi6;rssi7;rssi8;
19:24:21.312;-80;-80;-57.5;-80;-80;-80;-80;-80
19:24:21.531;-80;-80;-59;-80;-80;-80;-80;-80
19:24:22.312;-80;-80;-59.5;-80;-80;-80;-80;-80
19:24:22.531;-80;-80;-57;-80;-80;-80;-80;-80
19:24:23.625;-80;-80;-57;-80;-80;-80;-80;-80
19:24:24.093;-80;-80;-56.5;-80;-80;-80;-80;-80
19:24:24.125;-80;-80;-54.5;-80;-80;-80;-80;-80
19:24:24.328;-80;-80;-54.5;-80;-80;-80;-80;-80
19:24:24.375;-80;-80;-55.5;-80;-80;-80;-80;-80
19:24:24.750;-57.5;-80;-80;-80;-80;-80;-80;-80
19:24:25.750;-53.5;-80;-80;-80;-80;-80;-80;-80
19:24:25.875;-53.5;-80;-80;-80;-80;-80;-80;-80
19:24:26.046;-54;-80;-80;-80;-80;-80;-80;-80
19:24:26.343;-53;-80;-80;-80;-80;-80;-80;-80
19:24:26.625;-80;-80;-56;-80;-80;-80;-80;-80
19:24:26.812;-54;-80;-80;-80;-80;-80;-80;-80
19:24:26.890;-80;-80;-59;-80;-80;-80;-80;-80
19:24:27.078;-54;-80;-80;-80;-80;-80;-80;-80
19:24:27.078;-80;-80;-55.5;-80;-80;-80;-80;-80
19:24:27.875;-55.5;-80;-80;-80;-80;-80;-80;-80
19:24:27.984;-80;-80;-56;-80;-80;-80;-80;-80
19:24:28.125;-80;-58.5;-80;-80;-80;-80;-80;-80
19:24:28.390;-56.5;-80;-80;-80;-80;-80;-80;-80
19:24:28.390;-80;-55;-80;-80;-80;-80;-80;-80
19:24:28.390;-80;-80;-55.5;-80;-80;-80;-80;-80
19:24:28.562;-55;-80;-80;-80;-80;-80;-80;-80
19:24:28.562;-80;-80;-55.5;-80;-80;-80;-80;-80
19:24:28.640;-55;-80;-80;-80;-80;-80;-80;-80
19:24:28.796;-80;-80;-56.5;-80;-80;-80;-80;-80
19:24:28.875;-57;-80;-80;-80;-80;-80;-80;-80
19:24:29.093;-55;-80;-80;-80;-80;-80;-80;-80
19:24:29.093;-80;-80;-56;-80;-80;-80;-80;-80
19:24:29.125;-55.5;-80;-80;-80;-80;-80;-80;-80
19:24:29.531;-54.5;-80;-80;-80;-80;-80;-80;-80
19:24:29.625;-80;-80;-57;-80;-80;-80;-80;-80
19:24:29.796;-54.5;-80;-80;-80;-80;-80;-80;-80
19:24:30.140;-80;-57;-80;-80;-80;-80;-80;-80
19:24:30.140;-80;-57;-80;-80;-80;-80;-80;-80
19:24:30.312;-80;-59;-80;-80;-80;-80;-80;-80
19:24:30.375;-80;-59.5;-80;-80;-80;-80;-80;-80
19:24:30.890;-57;-80;-80;-80;-80;-80;-80;-80
19:24:31.125;-53.5;-80;-80;-80;-80;-80;-80;-80
19:24:31.312;-80;-80;-58;-80;-80;-80;-80;-80
19:24:31.390;-80;-59.5;-80;-80;-80;-80;-80;-80
19:24:31.390;-80;-80;-56;-80;-80;-80;-80;-80
19:24:31.531;-55.5;-80;-80;-80;-80;-80;-80;-80
19:24:31.531;-80;-80;-56.5;-80;-80;-80;-80;-80
19:24:31.625;-80;-80;-58;-80;-80;-80;-80;-80
19:24:31.765;-54;-80;-80;-80;-80;-80;-80;-80
19:24:31.765;-80;-80;-55.5;-80;-80;-80;-80;-80
19:24:32.281;-80;-80;-59;-80;-80;-80;-80;-80
19:24:32.390;-80;-80;-56.5;-80;-80;-80;-80;-80
19:24:32.640;-80;-80;-59;-80;-80;-80;-80;-80
19:24:32.890;-58.5;-80;-80;-80;-80;-80;-80;-80
19:24:32.890;-80;-80;-57;-80;-80;-80;-80;-80
19:24:33.640;-80;-80;-57;-80;-80;-80;-80;-80
19:24:33.875;-58.5;-80;-80;-80;-80;-80;-80;-80
19:24:33.875;-80;-80;-55.5;-80;-80;-80;-80;-80
19:24:33.890;-80;-80;-56.5;-80;-80;-80;-80;-80
19:24:34.125;-56;-80;-80;-80;-80;-80;-80;-80
19:24:34.625;-80;-80;-56.5;-80;-80;-80;-80;-80
19:24:34.656;-80;-80;-57.5;-80;-80;-80;-80;-80
19:24:34.890;-80;-80;-58;-80;-80;-80;-80;-80
19:24:35.828;-80;-80;-57;-80;-80;-80;-80;-80
19:24:35.890;-80;-80;-57;-80;-80;-80;-80;-80
19:24:36.125;-55.5;-80;-80;-80;-80;-80;-80;-80
19:24:36.125;-80;-80;-58;-80;-80;-80;-80;-80
19:24:36.375;-57;-80;-80;-80;-80;-80;-80;-80
19:24:36.375;-80;-80;-57.5;-80;-80;-80;-80;-80
19:24:36.625;-56.5;-80;-80;-80;-80;-80;-80;-80
19:24:36.875;-56;-80;-80;-80;-80;-80;-80;-80
19:24:36.875;-80;-80;-56.5;-80;-80;-80;-80;-80
19:24:37.078;-56;-80;-80;-80;-80;-80;-80;-80
19:24:37.093;-80;-80;-55.5;-80;-80;-80;-80;-80
19:24:37.359;-58;-80;-80;-80;-80;-80;-80;-80
19:24:38.140;-80;-80;-57;-80;-80;-80;-80;-80
19:24:38.625;-80;-80;-56.5;-80;-80;-80;-80;-80
19:24:38.875;-58;-80;-80;-80;-80;-80;-80;-80
19:24:40.281;-80;-57;-80;-80;-80;-80;-80;-80
19:24:40.625;-80;-80;-56;-80;-80;-80;-80;-80
19:24:41.875;-57;-80;-80;-80;-80;-80;-80;-80
19:24:42.125;-56.5;-80;-80;-80;-80;-80;-80;-80
19:24:42.312;-80;-59.5;-80;-80;-80;-80;-80;-80
19:24:42.312;-80;-80;-55;-80;-80;-80;-80;-80
19:24:42.562;-80;-80;-57;-80;-80;-80;-80;-80
19:24:42.875;-51.5;-80;-80;-80;-80;-80;-80;-80
19:24:42.875;-80;-80;-55.5;-80;-80;-80;-80;-80
19:24:43.078;-51;-80;-80;-80;-80;-80;-80;-80
19:24:43.296;-48.5;-80;-80;-80;-80;-80;-80;-80
19:24:43.562;-53.5;-80;-80;-80;-80;-80;-80;-80
19:24:43.875;-58.5;-80;-80;-80;-80;-80;-80;-80
19:24:45.343;-56;-80;-80;-80;-80;-80;-80;-80
19:24:45.546;-55;-80;-80;-80;-80;-80;-80;-80
19:24:45.781;-54.5;-80;-80;-80;-80;-80;-80;-80
19:24:45.890;-51;-80;-80;-80;-80;-80;-80;-80
19:24:46.125;-55.5;-80;-80;-80;-80;-80;-80;-80
19:24:46.531;-55.5;-80;-80;-80;-80;-80;-80;-80
19:24:46.640;-54;-80;-80;-80;-80;-80;-80;-80
19:24:46.828;-52.5;-80;-80;-80;-80;-80;-80;-80
19:24:47.015;-54.5;-80;-80;-80;-80;-80;-80;-80
19:24:47.609;-55;-80;-80;-80;-80;-80;-80;-80
19:24:47.812;-53.5;-80;-80;-80;-80;-80;-80;-80
19:24:48.015;-54;-80;-80;-80;-80;-80;-80;-80
19:24:48.281;-52.5;-80;-80;-80;-80;-80;-80;-80
19:24:48.578;-53.5;-80;-80;-80;-80;-80;-80;-80
19:24:48.578;-53.5;-80;-80;-80;-80;-80;-80;-80
19:24:48.796;-52.5;-80;-80;-80;-80;-80;-80;-80
19:24:49.046;-54.5;-80;-80;-80;-80;-80;-80;-80
19:24:49.265;-54.5;-80;-80;-80;-80;-80;-80;-80
19:24:49.609;-51.5;-80;-80;-80;-80;-80;-80;-80
19:24:49.812;-54.5;-80;-80;-80;-80;-80;-80;-80
19:24:50.265;-55;-80;-80;-80;-80;-80;-80;-80
19:24:50.625;-80;-60.5;-80;-80;-80;-80;-80;-80
19:24:50.812;-80;-80;-56;-80;-80;-80;-80;-80
19:24:50.875;-80;-56.5;-80;-80;-80;-80;-80;-80
19:24:51.078;-80;-56.5;-80;-80;-80;-80;-80;-80
19:24:51.125;-80;-55;-80;-80;-80;-80;-80;-80
19:24:51.328;-80;-55.5;-80;-80;-80;-80;-80;-80
19:24:51.546;-56;-80;-80;-80;-80;-80;-80;-80
19:24:51.546;-80;-80;-55;-80;-80;-80;-80;-80
19:24:51.640;-80;-80;-55;-80;-80;-80;-80;-80
19:24:51.875;-80;-80;-53.5;-80;-80;-80;-80;-80
19:24:52.015;-55;-80;-80;-80;-80;-80;-80;-80
19:24:52.093;-80;-80;-56.5;-80;-80;-80;-80;-80
19:24:52.625;-80;-80;-55;-80;-80;-80;-80;-80
19:24:53.062;-80;-80;-53.5;-80;-80;-80;-80;-80
19:24:53.375;-56;-80;-80;-80;-80;-80;-80;-80
19:24:53.531;-80;-80;-54.5;-80;-80;-80;-80;-80
19:24:54.125;-80;-80;-56;-80;-80;-80;-80;-80
19:24:54.296;-55;-80;-80;-80;-80;-80;-80;-80
19:24:54.390;-80;-80;-60;-80;-80;-80;-80;-80
19:24:54.500;-80;-80;-61;-80;-80;-80;-80;-80
19:24:54.781;-80;-80;-57.5;-80;-80;-80;-80;-80
19:24:55.125;-80;-57;-80;-80;-80;-80;-80;-80
19:24:55.218;-80;-58.5;-80;-80;-80;-80;-80;-80
19:24:55.500;-80;-57;-80;-80;-80;-80;-80;-80
19:24:56.468;-52.5;-80;-80;-80;-80;-80;-80;-80
19:24:56.468;-80;-80;-56.5;-80;-80;-80;-80;-80
19:24:56.625;-52.5;-80;-80;-80;-80;-80;-80;-80
19:24:56.625;-80;-80;-55;-80;-80;-80;-80;-80
19:24:56.796;-51;-80;-80;-80;-80;-80;-80;-80
19:24:56.796;-80;-80;-55;-80;-80;-80;-80;-80
19:24:56.875;-51;-80;-80;-80;-80;-80;-80;-80
19:24:57.078;-54.5;-80;-80;-80;-80;-80;-80;-80
19:24:57.140;-54.5;-80;-80;-80;-80;-80;-80;-80
19:24:57.250;-80;-80;-54.5;-80;-80;-80;-80;-80
19:24:57.375;-50.5;-80;-80;-80;-80;-80;-80;-80
19:24:57.515;-51;-80;-80;-80;-80;-80;-80;-80
19:24:57.515;-80;-80;-55.5;-80;-80;-80;-80;-80
19:24:57.625;-80;-80;-53.5;-80;-80;-80;-80;-80
19:24:57.718;-52.5;-80;-80;-80;-80;-80;-80;-80
19:24:57.890;-80;-80;-56.5;-80;-80;-80;-80;-80
19:24:58.015;-57;-80;-80;-80;-80;-80;-80;-80
19:24:58.140;-80;-80;-57;-80;-80;-80;-80;-80
19:24:58.328;-54;-80;-80;-80;-80;-80;-80;-80
19:24:58.375;-80;-80;-55;-80;-80;-80;-80;-80
19:24:58.531;-55.5;-80;-80;-80;-80;-80;-80;-80
19:24:58.531;-80;-80;-55;-80;-80;-80;-80;-80
19:24:58.640;-55;-80;-80;-80;-80;-80;-80;-80
19:24:58.750;-80;-80;-56;-80;-80;-80;-80;-80
19:24:58.875;-56;-80;-80;-80;-80;-80;-80;-80
19:24:59.031;-80;-80;-55.5;-80;-80;-80;-80;-80
19:24:59.250;-51.5;-80;-80;-80;-80;-80;-80;-80
19:24:59.390;-80;-80;-53;-80;-80;-80;-80;-80
19:24:59.484;-51.5;-80;-80;-80;-80;-80;-80;-80
19:24:59.640;-80;-80;-54;-80;-80;-80;-80;-80
19:24:59.765;-52;-80;-80;-80;-80;-80;-80;-80
19:24:59.890;-51.5;-80;-80;-80;-80;-80;-80;-80
19:25:00.046;-54.5;-80;-80;-80;-80;-80;-80;-80
19:25:00.125;-55;-80;-80;-80;-80;-80;-80;-80
19:25:00.390;-52.5;-80;-80;-80;-80;-80;-80;-80
19:25:01.000;-56;-80;-80;-80;-80;-80;-80;-80
19:25:01.546;-54.5;-80;-80;-80;-80;-80;-80;-80
19:25:01.765;-54;-80;-80;-80;-80;-80;-80;-80
19:25:01.875;-53.5;-80;-80;-80;-80;-80;-80;-80
19:25:02.015;-55.5;-80;-80;-80;-80;-80;-80;-80
19:25:02.281;-56;-80;-80;-80;-80;-80;-80;-80
19:25:02.281;-80;-80;-57.5;-80;-80;-80;-80;-80
19:25:02.375;-55.5;-80;-80;-80;-80;-80;-80;-80
19:25:02.515;-54;-80;-80;-80;-80;-80;-80;-80
19:25:02.515;-80;-80;-57;-80;-80;-80;-80;-80
19:25:02.625;-55;-80;-80;-80;-80;-80;-80;-80
19:25:02.984;-80;-80;-58;-80;-80;-80;-80;-80
19:25:02.984;-80;-80;-58.5;-80;-80;-80;-80;-80
19:25:03.140;-80;-80;-56.5;-80;-80;-80;-80;-80
19:25:03.296;-80;-80;-55;-80;-80;-80;-80;-80
19:25:03.515;-80;-80;-57.5;-80;-80;-80;-80;-80
19:25:03.640;-56;-80;-80;-80;-80;-80;-80;-80
19:25:04.484;-80;-80;-56;-80;-80;-80;-80;-80
19:25:04.640;-80;-80;-56.5;-80;-80;-80;-80;-80
19:25:05.015;-80;-80;-58;-80;-80;-80;-80;-80
19:25:05.125;-80;-80;-56;-80;-80;-80;-80;-80
19:25:05.750;-58.5;-80;-80;-80;-80;-80;-80;-80
19:25:05.875;-58;-80;-80;-80;-80;-80;-80;-80
19:25:06.031;-55.5;-80;-80;-80;-80;-80;-80;-80
19:25:06.234;-55.5;-80;-80;-80;-80;-80;-80;-80
19:25:06.375;-80;-80;-57.5;-80;-80;-80;-80;-80
19:25:06.484;-80;-80;-57;-80;-80;-80;-80;-80
19:25:06.625;-80;-80;-57;-80;-80;-80;-80;-80
19:25:06.734;-53;-80;-80;-80;-80;-80;-80;-80
19:25:06.734;-53.5;-80;-80;-80;-80;-80;-80;-80
19:25:06.890;-80;-80;-56.5;-80;-80;-80;-80;-80
19:25:07.000;-53;-80;-80;-80;-80;-80;-80;-80
19:25:07.125;-80;-80;-58;-80;-80;-80;-80;-80
19:25:07.265;-54;-80;-80;-80;-80;-80;-80;-80
19:25:07.390;-80;-80;-57;-80;-80;-80;-80;-80
19:25:07.484;-56;-80;-80;-80;-80;-80;-80;-80
19:25:07.484;-57.5;-80;-80;-80;-80;-80;-80;-80
19:25:07.625;-80;-80;-57.5;-80;-80;-80;-80;-80
19:25:07.765;-55.5;-80;-80;-80;-80;-80;-80;-80
19:25:07.890;-80;-80;-57.5;-80;-80;-80;-80;-80
19:25:08.828;-57.5;-80;-80;-80;-80;-80;-80;-80
19:25:09.062;-56;-80;-80;-80;-80;-80;-80;-80
19:25:09.250;-80;-80;-55.5;-80;-80;-80;-80;-80
19:25:09.500;-80;-80;-58;-80;-80;-80;-80;-80
19:25:11.890;-58.5;-80;-80;-80;-80;-80;-80;-80
19:25:12.000;-58.5;-80;-80;-80;-80;-80;-80;-80
19:25:12.250;-80;-80;-56;-80;-80;-80;-80;-80
19:25:12.359;-80;-80;-55.5;-80;-80;-80;-80;-80
19:25:12.515;-80;-80;-56.5;-80;-80;-80;-80;-80
19:25:12.984;-80;-58;-80;-80;-80;-80;-80;-80
19:25:13.265;-80;-80;-57;-80;-80;-80;-80;-80
19:25:13.406;-80;-80;-55;-80;-80;-80;-80;-80
19:25:13.531;-80;-80;-56.5;-80;-80;-80;-80;-80
19:25:13.640;-80;-80;-56;-80;-80;-80;-80;-80
19:25:14.281;-56.5;-80;-80;-80;-80;-80;-80;-80
19:25:14.625;-80;-80;-56;-80;-80;-80;-80;-80
19:25:14.875;-80;-80;-57;-80;-80;-80;-80;-80
19:25:15.125;-80;-80;-56.5;-80;-80;-80;-80;-80
19:25:15.359;-80;-80;-58.5;-80;-80;-80;-80;-80
19:25:15.390;-80;-80;-57;-80;-80;-80;-80;-80
19:25:15.640;-80;-80;-57;-80;-80;-80;-80;-80
19:25:16.531;-80;-80;-57;-80;-80;-80;-80;-80
19:25:17.031;-80;-80;-56.5;-80;-80;-80;-80;-80
19:25:17.546;-80;-80;-57.5;-80;-80;-80;-80;-80
19:25:18.062;-80;-80;-57.5;-80;-80;-80;-80;-80
19:25:18.390;-80;-80;-55;-80;-80;-80;-80;-80
19:25:18.890;-80;-80;-56;-80;-80;-80;-80;-80
19:25:19.375;-80;-80;-58;-80;-80;-80;-80;-80
19:25:19.515;-80;-80;-57.5;-80;-80;-80;-80;-80
19:25:20.031;-80;-80;-56;-80;-80;-80;-80;-80
19:25:22.390;-80;-80;-58;-80;-80;-80;-80;-80
19:25:22.515;-80;-80;-55.5;-80;-80;-80;-80;-80
19:25:23.140;-80;-80;-56;-80;-80;-80;-80;-80
19:25:23.234;-80;-80;-57;-80;-80;-80;-80;-80
19:25:23.359;-80;-80;-57.5;-80;-80;-80;-80;-80
19:25:23.484;-58;-80;-80;-80;-80;-80;-80;-80
19:25:23.640;-57;-80;-80;-80;-80;-80;-80;-80
19:25:24.046;-56.5;-80;-80;-80;-80;-80;-80;-80
19:25:24.390;-80;-57.5;-80;-80;-80;-80;-80;-80
19:25:24.734;-80;-80;-53;-80;-80;-80;-80;-80
19:25:25.031;-80;-80;-53;-80;-80;-80;-80;-80
19:25:25.359;-80;-80;-55.5;-80;-80;-80;-80;-80
19:25:25.750;-80;-80;-56.5;-80;-80;-80;-80;-80
19:25:27.015;-80;-80;-57;-80;-80;-80;-80;-80
19:25:27.140;-54;-80;-80;-80;-80;-80;-80;-80
19:25:27.281;-80;-80;-54.5;-80;-80;-80;-80;-80
19:25:27.390;-55;-80;-80;-80;-80;-80;-80;-80
19:25:27.531;-80;-80;-57;-80;-80;-80;-80;-80
19:25:27.781;-80;-80;-55.5;-80;-80;-80;-80;-80
19:25:27.890;-58;-80;-80;-80;-80;-80;-80;-80
19:25:28.078;-80;-80;-57;-80;-80;-80;-80;-80
19:25:28.281;-58;-80;-80;-80;-80;-80;-80;-80
19:25:29.750;-80;-80;-56;-80;-80;-80;-80;-80
19:25:29.843;-56.5;-80;-80;-80;-80;-80;-80;-80
19:25:29.843;-56.5;-80;-80;-80;-80;-80;-80;-80
19:25:30.015;-80;-80;-55;-80;-80;-80;-80;-80
19:25:30.140;-55;-80;-80;-80;-80;-80;-80;-80
19:25:30.281;-80;-80;-55;-80;-80;-80;-80;-80
19:25:30.765;-80;-80;-55.5;-80;-80;-80;-80;-80
19:25:30.890;-55.5;-80;-80;-80;-80;-80;-80;-80
19:25:31.031;-55;-80;-80;-80;-80;-80;-80;-80
19:25:32.265;-56.5;-80;-80;-80;-80;-80;-80;-80
19:25:32.265;-80;-80;-54.5;-80;-80;-80;-80;-80
19:25:32.406;-80;-80;-55.5;-80;-80;-80;-80;-80
19:25:32.546;-80;-80;-56;-80;-80;-80;-80;-80
19:25:32.625;-80;-80;-57;-80;-80;-80;-80;-80
19:25:32.890;-80;-80;-55;-80;-80;-80;-80;-80
19:25:33.390;-80;-80;-56.5;-80;-80;-80;-80;-80
19:25:33.500;-56.5;-80;-80;-80;-80;-80;-80;-80
19:25:33.640;-80;-80;-55;-80;-80;-80;-80;-80
19:25:33.718;-56.5;-80;-80;-80;-80;-80;-80;-80
19:25:33.718;-80;-80;-55.5;-80;-80;-80;-80;-80
19:25:33.875;-55.5;-80;-80;-80;-80;-80;-80;-80
19:25:33.890;-80;-80;-55.5;-80;-80;-80;-80;-80
19:25:34.000;-80;-80;-56.5;-80;-80;-80;-80;-80
19:25:34.890;-55;-80;-80;-80;-80;-80;-80;-80
19:25:34.984;-57;-80;-80;-80;-80;-80;-80;-80
19:25:34.984;-80;-80;-57;-80;-80;-80;-80;-80
19:25:35.109;-58.5;-80;-80;-80;-80;-80;-80;-80
19:25:35.109;-80;-80;-56.5;-80;-80;-80;-80;-80
19:25:35.265;-56.5;-80;-80;-80;-80;-80;-80;-80
19:25:35.531;-80;-80;-56.5;-80;-80;-80;-80;-80
19:25:35.640;-80;-80;-56;-80;-80;-80;-80;-80
19:25:37.140;-80;-80;-54.5;-80;-80;-80;-80;-80
19:25:37.281;-56.5;-80;-80;-80;-80;-80;-80;-80
19:25:37.390;-80;-80;-56;-80;-80;-80;-80;-80
19:25:37.515;-56;-80;-80;-80;-80;-80;-80;-80
19:25:37.515;-80;-80;-56;-80;-80;-80;-80;-80
19:25:37.640;-56;-80;-80;-80;-80;-80;-80;-80
19:25:38.000;-80;-80;-56;-80;-80;-80;-80;-80
19:25:38.140;-56;-80;-80;-80;-80;-80;-80;-80
19:25:38.265;-80;-80;-56;-80;-80;-80;-80;-80
19:25:38.390;-58;-80;-80;-80;-80;-80;-80;-80
19:25:38.531;-80;-80;-56.5;-80;-80;-80;-80;-80
19:25:39.890;-80;-80;-57.5;-80;-80;-80;-80;-80
19:25:40.015;-56.5;-80;-80;-80;-80;-80;-80;-80
19:25:40.015;-80;-80;-55.5;-80;-80;-80;-80;-80
19:25:40.140;-80;-80;-56;-80;-80;-80;-80;-80
19:25:40.281;-56.5;-80;-80;-80;-80;-80;-80;-80
19:25:40.281;-80;-80;-56;-80;-80;-80;-80;-80
19:25:40.390;-80;-80;-54;-80;-80;-80;-80;-80
19:25:40.546;-55.5;-80;-80;-80;-80;-80;-80;-80
19:25:41.000;-56.5;-80;-80;-80;-80;-80;-80;-80
19:25:41.140;-80;-80;-56;-80;-80;-80;-80;-80
19:25:42.546;-80;-80;-57.5;-80;-80;-80;-80;-80
19:25:43.031;-54.5;-80;-80;-80;-80;-80;-80;-80
19:25:43.781;-55;-80;-80;-80;-80;-80;-80;-80
19:25:43.796;-80;-80;-56.5;-80;-80;-80;-80;-80
19:25:43.906;-80;-80;-58.5;-80;-80;-80;-80;-80
19:25:44.031;-56.5;-80;-80;-80;-80;-80;-80;-80
19:25:44.062;-55.5;-80;-80;-80;-80;-80;-80;-80
19:25:44.062;-80;-80;-56.5;-80;-80;-80;-80;-80
19:25:44.140;-80;-80;-57;-80;-80;-80;-80;-80
19:25:45.140;-80;-80;-57;-80;-80;-80;-80;-80
19:25:45.375;-80;-80;-56.5;-80;-80;-80;-80;-80
19:25:45.640;-80;-80;-57;-80;-80;-80;-80;-80
19:25:45.890;-80;-80;-60;-80;-80;-80;-80;-80
19:25:46.000;-80;-80;-59.5;-80;-80;-80;-80;-80
19:25:46.140;-80;-80;-59;-80;-80;-80;-80;-80
19:25:47.265;-80;-80;-57;-80;-80;-80;-80;-80
19:25:47.390;-56.5;-80;-80;-80;-80;-80;-80;-80
19:25:47.500;-80;-80;-58.5;-80;-80;-80;-80;-80
19:25:47.625;-57;-80;-80;-80;-80;-80;-80;-80
19:25:47.750;-80;-80;-58.5;-80;-80;-80;-80;-80
19:25:48.015;-80;-80;-58;-80;-80;-80;-80;-80
19:25:48.140;-80;-80;-57.5;-80;-80;-80;-80;-80
19:25:48.281;-80;-80;-57.5;-80;-80;-80;-80;-80
19:25:48.390;-58;-80;-80;-80;-80;-80;-80;-80
19:25:48.500;-80;-80;-57;-80;-80;-80;-80;-80
19:25:48.625;-80;-80;-58;-80;-80;-80;-80;-80
19:25:49.375;-80;-80;-58.5;-80;-80;-80;-80;-80
19:25:50.109;-80;-80;-58;-80;-80;-80;-80;-80
19:25:50.250;-58;-80;-80;-80;-80;-80;-80;-80
19:25:50.375;-80;-80;-57.5;-80;-80;-80;-80;-80
19:25:50.500;-57;-80;-80;-80;-80;-80;-80;-80
19:25:50.640;-80;-80;-57;-80;-80;-80;-80;-80
19:25:51.140;-80;-80;-57;-80;-80;-80;-80;-80
19:25:51.234;-57.5;-80;-80;-80;-80;-80;-80;-80
19:25:52.546;-59.5;-80;-80;-80;-80;-80;-80;-80
19:25:52.640;-80;-80;-59;-80;-80;-80;-80;-80
19:25:53.125;-80;-80;-57;-80;-80;-80;-80;-80
19:25:53.281;-80;-80;-57.5;-80;-80;-80;-80;-80
19:25:53.750;-80;-80;-58.5;-80;-80;-80;-80;-80
19:25:53.890;-58.5;-80;-80;-80;-80;-80;-80;-80
19:25:53.890;-80;-80;-58;-80;-80;-80;-80;-80
19:25:54.031;-80;-80;-57.5;-80;-80;-80;-80;-80
19:25:54.062;-59.5;-80;-80;-80;-80;-80;-80;-80
19:25:54.140;-58;-80;-80;-80;-80;-80;-80;-80
19:25:54.234;-80;-80;-56.5;-80;-80;-80;-80;-80
19:25:55.125;-80;-80;-59.5;-80;-80;-80;-80;-80
19:25:55.234;-59;-80;-80;-80;-80;-80;-80;-80
19:25:55.234;-80;-80;-57;-80;-80;-80;-80;-80
19:25:55.359;-60;-80;-80;-80;-80;-80;-80;-80
19:25:55.359;-80;-80;-59;-80;-80;-80;-80;-80
19:25:55.390;-80;-80;-58;-80;-80;-80;-80;-80
19:25:56.250;-80;-80;-60.5;-80;-80;-80;-80;-80
19:25:57.390;-57;-80;-80;-80;-80;-80;-80;-80
19:25:57.484;-80;-80;-56;-80;-80;-80;-80;-80
19:25:57.640;-55;-80;-80;-80;-80;-80;-80;-80
19:25:57.796;-80;-80;-54;-80;-80;-80;-80;-80
19:25:58.140;-59;-80;-80;-80;-80;-80;-80;-80
19:25:58.156;-59;-80;-80;-80;-80;-80;-80;-80
19:25:58.250;-80;-80;-54.5;-80;-80;-80;-80;-80
19:25:58.390;-56.5;-80;-80;-80;-80;-80;-80;-80
19:25:58.796;-80;-80;-57.5;-80;-80;-80;-80;-80
19:25:58.890;-54.5;-80;-80;-80;-80;-80;-80;-80
19:25:58.968;-55;-80;-80;-80;-80;-80;-80;-80
19:25:59.093;-80;-80;-55;-80;-80;-80;-80;-80
19:25:59.265;-58;-80;-80;-80;-80;-80;-80;-80
19:25:59.390;-80;-80;-52.5;-80;-80;-80;-80;-80
19:25:59.640;-80;-57.5;-80;-80;-80;-80;-80;-80
19:25:59.765;-56;-80;-80;-80;-80;-80;-80;-80
19:25:59.890;-80;-51.5;-80;-80;-80;-80;-80;-80
19:26:00.015;-80;-80;-55;-80;-80;-80;-80;-80
19:26:00.015;-80;-80;-80;-56.5;-80;-80;-80;-80
19:26:00.109;-45;-80;-80;-80;-80;-80;-80;-80
19:26:00.328;-46;-80;-80;-80;-80;-80;-80;-80
19:26:00.562;-46;-80;-80;-80;-80;-80;-80;-80
19:26:00.640;-46;-80;-80;-80;-80;-80;-80;-80
19:26:00.734;-80;-80;-54;-80;-80;-80;-80;-80
19:26:00.890;-45.5;-80;-80;-80;-80;-80;-80;-80
19:26:01.015;-45;-80;-80;-80;-80;-80;-80;-80
19:26:01.015;-80;-52;-80;-80;-80;-80;-80;-80
19:26:01.015;-80;-80;-53.5;-80;-80;-80;-80;-80
19:26:01.140;-80;-80;-53;-80;-80;-80;-80;-80
19:26:01.140;-80;-80;-80;-51;-80;-80;-80;-80
19:26:01.265;-45.5;-80;-80;-80;-80;-80;-80;-80
19:26:01.265;-80;-56.5;-80;-80;-80;-80;-80;-80
19:26:01.515;-51;-80;-80;-80;-80;-80;-80;-80
19:26:01.515;-80;-80;-80;-54;-80;-80;-80;-80
19:26:01.640;-80;-80;-52;-80;-80;-80;-80;-80
19:26:01.765;-44.5;-80;-80;-80;-80;-80;-80;-80
19:26:01.765;-80;-80;-80;-54;-80;-80;-80;-80
19:26:01.890;-80;-57;-80;-80;-80;-80;-80;-80
19:26:01.968;-43;-80;-80;-80;-80;-80;-80;-80
19:26:01.968;-80;-80;-49;-80;-80;-80;-80;-80
19:26:01.968;-80;-80;-80;-52;-80;-80;-80;-80
19:26:02.093;-44;-80;-80;-80;-80;-80;-80;-80
19:26:02.093;-80;-80;-49.5;-80;-80;-80;-80;-80
19:26:02.140;-80;-80;-49.5;-80;-80;-80;-80;-80
19:26:02.250;-45.5;-80;-80;-80;-80;-80;-80;-80
19:26:02.250;-80;-80;-80;-57;-80;-80;-80;-80
19:26:02.250;-45;-80;-80;-80;-80;-80;-80;-80
19:26:02.375;-80;-45;-80;-80;-80;-80;-80;-80
19:26:02.375;-80;-80;-48;-80;-80;-80;-80;-80
19:26:02.562;-48;-80;-80;-80;-80;-80;-80;-80
19:26:02.562;-80;-44.5;-80;-80;-80;-80;-80;-80
19:26:02.640;-80;-44.5;-80;-80;-80;-80;-80;-80
19:26:02.781;-43.5;-80;-80;-80;-80;-80;-80;-80
19:26:02.781;-80;-80;-49;-80;-80;-80;-80;-80
19:26:02.890;-80;-41.5;-80;-80;-80;-80;-80;-80
19:26:03.031;-43;-80;-80;-80;-80;-80;-80;-80
19:26:03.031;-80;-80;-53;-80;-80;-80;-80;-80
19:26:03.125;-43;-80;-80;-80;-80;-80;-80;-80
19:26:03.125;-80;-40;-80;-80;-80;-80;-80;-80
19:26:03.312;-45.5;-80;-80;-80;-80;-80;-80;-80
19:26:03.390;-80;-46;-80;-80;-80;-80;-80;-80
19:26:03.562;-41.5;-80;-80;-80;-80;-80;-80;-80
19:26:03.562;-80;-80;-52.5;-80;-80;-80;-80;-80
19:26:03.640;-80;-51;-80;-80;-80;-80;-80;-80
19:26:03.796;-80;-80;-58;-80;-80;-80;-80;-80
19:26:03.890;-43.5;-80;-80;-80;-80;-80;-80;-80
19:26:03.890;-80;-47;-80;-80;-80;-80;-80;-80
19:26:04.015;-80;-45.5;-80;-80;-80;-80;-80;-80
19:26:04.140;-44.5;-80;-80;-80;-80;-80;-80;-80
19:26:04.218;-80;-45.5;-80;-80;-80;-80;-80;-80
19:26:04.390;-44.5;-80;-80;-80;-80;-80;-80;-80
19:26:04.562;-80;-45;-80;-80;-80;-80;-80;-80
19:26:04.640;-42.5;-80;-80;-80;-80;-80;-80;-80
19:26:04.781;-44;-80;-80;-80;-80;-80;-80;-80
19:26:04.781;-80;-48.5;-80;-80;-80;-80;-80;-80
19:26:05.000;-42;-80;-80;-80;-80;-80;-80;-80
19:26:05.000;-80;-48.5;-80;-80;-80;-80;-80;-80
19:26:05.250;-44;-80;-80;-80;-80;-80;-80;-80
19:26:05.250;-80;-46.5;-80;-80;-80;-80;-80;-80
19:26:05.265;-80;-47;-80;-80;-80;-80;-80;-80
19:26:05.531;-45;-80;-80;-80;-80;-80;-80;-80
19:26:05.531;-45;-80;-80;-80;-80;-80;-80;-80
19:26:05.531;-80;-47;-80;-80;-80;-80;-80;-80
19:26:05.640;-80;-47;-80;-80;-80;-80;-80;-80
19:26:05.796;-44;-80;-80;-80;-80;-80;-80;-80
19:26:05.890;-80;-46.5;-80;-80;-80;-80;-80;-80
19:26:06.062;-45.5;-80;-80;-80;-80;-80;-80;-80
19:26:06.062;-80;-80;-55.5;-80;-80;-80;-80;-80
19:26:06.140;-80;-45.5;-80;-80;-80;-80;-80;-80
19:26:06.312;-44;-80;-80;-80;-80;-80;-80;-80
19:26:06.312;-80;-47;-80;-80;-80;-80;-80;-80
19:26:06.390;-43.5;-80;-80;-80;-80;-80;-80;-80
19:26:06.406;-80;-49.5;-80;-80;-80;-80;-80;-80
19:26:06.578;-41.5;-80;-80;-80;-80;-80;-80;-80
19:26:06.578;-80;-49;-80;-80;-80;-80;-80;-80
19:26:06.640;-41.5;-80;-80;-80;-80;-80;-80;-80
19:26:06.640;-80;-50;-80;-80;-80;-80;-80;-80
19:26:06.859;-43;-80;-80;-80;-80;-80;-80;-80
19:26:06.859;-80;-49.5;-80;-80;-80;-80;-80;-80
19:26:07.062;-42.5;-80;-80;-80;-80;-80;-80;-80
19:26:07.062;-80;-55;-80;-80;-80;-80;-80;-80
19:26:07.218;-43;-80;-80;-80;-80;-80;-80;-80
19:26:07.218;-80;-50.5;-80;-80;-80;-80;-80;-80
19:26:07.375;-80;-50.5;-80;-80;-80;-80;-80;-80
19:26:07.484;-44;-80;-80;-80;-80;-80;-80;-80
19:26:07.484;-80;-48.5;-80;-80;-80;-80;-80;-80
19:26:07.828;-46;-80;-80;-80;-80;-80;-80;-80
19:26:07.828;-80;-46.5;-80;-80;-80;-80;-80;-80
19:26:08.062;-46.5;-80;-80;-80;-80;-80;-80;-80
19:26:08.062;-80;-45.5;-80;-80;-80;-80;-80;-80
19:26:08.328;-43.5;-80;-80;-80;-80;-80;-80;-80
19:26:08.390;-80;-47;-80;-80;-80;-80;-80;-80
19:26:08.531;-47;-80;-80;-80;-80;-80;-80;-80
19:26:08.640;-47.5;-80;-80;-80;-80;-80;-80;-80
19:26:08.640;-80;-45.5;-80;-80;-80;-80;-80;-80
19:26:08.875;-47;-80;-80;-80;-80;-80;-80;-80
19:26:08.875;-80;-46;-80;-80;-80;-80;-80;-80
19:26:09.046;-80;-46.5;-80;-80;-80;-80;-80;-80
19:26:09.140;-43.5;-80;-80;-80;-80;-80;-80;-80
19:26:09.296;-44;-80;-80;-80;-80;-80;-80;-80
19:26:09.296;-80;-49.5;-80;-80;-80;-80;-80;-80
19:26:09.531;-42;-80;-80;-80;-80;-80;-80;-80
19:26:09.531;-80;-52;-80;-80;-80;-80;-80;-80
19:26:09.765;-44.5;-80;-80;-80;-80;-80;-80;-80
19:26:09.765;-80;-48;-80;-80;-80;-80;-80;-80
19:26:10.046;-43;-80;-80;-80;-80;-80;-80;-80
19:26:10.046;-80;-50;-80;-80;-80;-80;-80;-80
19:26:10.296;-43;-80;-80;-80;-80;-80;-80;-80
19:26:10.296;-80;-47.5;-80;-80;-80;-80;-80;-80
19:26:10.546;-47;-80;-80;-80;-80;-80;-80;-80
19:26:10.546;-80;-46;-80;-80;-80;-80;-80;-80
19:26:10.812;-46.5;-80;-80;-80;-80;-80;-80;-80
19:26:10.812;-80;-46;-80;-80;-80;-80;-80;-80
19:26:11.109;-47;-80;-80;-80;-80;-80;-80;-80
19:26:11.109;-80;-46.5;-80;-80;-80;-80;-80;-80
19:26:11.296;-43;-80;-80;-80;-80;-80;-80;-80
19:26:11.390;-80;-51.5;-80;-80;-80;-80;-80;-80
19:26:11.546;-47;-80;-80;-80;-80;-80;-80;-80
19:26:11.640;-80;-47;-80;-80;-80;-80;-80;-80
19:26:11.812;-42.5;-80;-80;-80;-80;-80;-80;-80
19:26:11.890;-80;-52;-80;-80;-80;-80;-80;-80
19:26:12.062;-44;-80;-80;-80;-80;-80;-80;-80
19:26:12.140;-80;-51;-80;-80;-80;-80;-80;-80
19:26:12.328;-42;-80;-80;-80;-80;-80;-80;-80
19:26:12.328;-80;-51;-80;-80;-80;-80;-80;-80
19:26:12.390;-44.5;-80;-80;-80;-80;-80;-80;-80
19:26:12.390;-80;-50;-80;-80;-80;-80;-80;-80
19:26:12.593;-44.5;-80;-80;-80;-80;-80;-80;-80
19:26:12.593;-80;-50;-80;-80;-80;-80;-80;-80
19:26:12.640;-44.5;-80;-80;-80;-80;-80;-80;-80
19:26:12.843;-44.5;-80;-80;-80;-80;-80;-80;-80
19:26:12.843;-80;-50.5;-80;-80;-80;-80;-80;-80
19:26:12.890;-44.5;-80;-80;-80;-80;-80;-80;-80
19:26:13.078;-80;-46;-80;-80;-80;-80;-80;-80
19:26:13.312;-42.5;-80;-80;-80;-80;-80;-80;-80
19:26:13.312;-80;-49;-80;-80;-80;-80;-80;-80
19:26:13.515;-42;-80;-80;-80;-80;-80;-80;-80
19:26:13.640;-80;-45.5;-80;-80;-80;-80;-80;-80
19:26:13.812;-40;-80;-80;-80;-80;-80;-80;-80
19:26:13.890;-80;-54.5;-80;-80;-80;-80;-80;-80
19:26:14.046;-41;-80;-80;-80;-80;-80;-80;-80
19:26:14.140;-41;-80;-80;-80;-80;-80;-80;-80
19:26:14.140;-80;-48.5;-80;-80;-80;-80;-80;-80
19:26:14.343;-42.5;-80;-80;-80;-80;-80;-80;-80
19:26:14.343;-80;-45.5;-80;-80;-80;-80;-80;-80
19:26:14.546;-43.5;-80;-80;-80;-80;-80;-80;-80
19:26:14.546;-80;-46;-80;-80;-80;-80;-80;-80
19:26:14.640;-43.5;-80;-80;-80;-80;-80;-80;-80
19:26:14.640;-80;-47;-80;-80;-80;-80;-80;-80
19:26:14.828;-42;-80;-80;-80;-80;-80;-80;-80
19:26:14.828;-80;-47;-80;-80;-80;-80;-80;-80
19:26:15.062;-44;-80;-80;-80;-80;-80;-80;-80
19:26:15.140;-44.5;-80;-80;-80;-80;-80;-80;-80
19:26:15.140;-80;-49;-80;-80;-80;-80;-80;-80
19:26:15.281;-80;-80;-54;-80;-80;-80;-80;-80
19:26:15.390;-42;-80;-80;-80;-80;-80;-80;-80
19:26:15.390;-80;-50;-80;-80;-80;-80;-80;-80
19:26:15.546;-80;-47;-80;-80;-80;-80;-80;-80
19:26:15.546;-80;-80;-56.5;-80;-80;-80;-80;-80
19:26:15.640;-45.5;-80;-80;-80;-80;-80;-80;-80
19:26:15.750;-46;-80;-80;-80;-80;-80;-80;-80
19:26:15.750;-80;-46;-80;-80;-80;-80;-80;-80
19:26:15.750;-80;-80;-58;-80;-80;-80;-80;-80
19:26:15.890;-46;-80;-80;-80;-80;-80;-80;-80
19:26:16.046;-80;-46.5;-80;-80;-80;-80;-80;-80
19:26:16.140;-45;-80;-80;-80;-80;-80;-80;-80
19:26:16.234;-45;-80;-80;-80;-80;-80;-80;-80
19:26:16.234;-80;-46.5;-80;-80;-80;-80;-80;-80
19:26:16.390;-46;-80;-80;-80;-80;-80;-80;-80
19:26:16.484;-45.5;-80;-80;-80;-80;-80;-80;-80
19:26:16.484;-80;-51;-80;-80;-80;-80;-80;-80
19:26:16.640;-44;-80;-80;-80;-80;-80;-80;-80
19:26:16.859;-80;-49.5;-80;-80;-80;-80;-80;-80
19:26:16.859;-80;-80;-58;-80;-80;-80;-80;-80
19:26:17.000;-43.5;-80;-80;-80;-80;-80;-80;-80
19:26:17.000;-80;-50;-80;-80;-80;-80;-80;-80
19:26:17.140;-43;-80;-80;-80;-80;-80;-80;-80
19:26:17.281;-80;-49;-80;-80;-80;-80;-80;-80
19:26:17.281;-80;-80;-56;-80;-80;-80;-80;-80
19:26:17.390;-41.5;-80;-80;-80;-80;-80;-80;-80
19:26:17.546;-41.5;-80;-80;-80;-80;-80;-80;-80
19:26:17.546;-80;-49;-80;-80;-80;-80;-80;-80
19:26:17.546;-80;-80;-55.5;-80;-80;-80;-80;-80
19:26:17.781;-43;-80;-80;-80;-80;-80;-80;-80
19:26:17.781;-80;-48.5;-80;-80;-80;-80;-80;-80
19:26:17.890;-80;-80;-56;-80;-80;-80;-80;-80
19:26:18.078;-43.5;-80;-80;-80;-80;-80;-80;-80
19:26:18.078;-80;-48;-80;-80;-80;-80;-80;-80
19:26:18.078;-80;-80;-57;-80;-80;-80;-80;-80
19:26:18.140;-80;-80;-55.5;-80;-80;-80;-80;-80
19:26:18.296;-44;-80;-80;-80;-80;-80;-80;-80
19:26:18.296;-80;-48;-80;-80;-80;-80;-80;-80
19:26:18.390;-80;-80;-55;-80;-80;-80;-80;-80
19:26:18.546;-42.5;-80;-80;-80;-80;-80;-80;-80
19:26:18.546;-80;-50.5;-80;-80;-80;-80;-80;-80
19:26:18.640;-80;-51;-80;-80;-80;-80;-80;-80
19:26:18.640;-80;-80;-52.5;-80;-80;-80;-80;-80
19:26:18.796;-44;-80;-80;-80;-80;-80;-80;-80
19:26:18.796;-80;-48;-80;-80;-80;-80;-80;-80
19:26:18.890;-80;-48.5;-80;-80;-80;-80;-80;-80
19:26:18.890;-80;-80;-56;-80;-80;-80;-80;-80
19:26:19.062;-44;-80;-80;-80;-80;-80;-80;-80
19:26:19.062;-80;-48.5;-80;-80;-80;-80;-80;-80
19:26:19.062;-80;-80;-55.5;-80;-80;-80;-80;-80
19:26:19.140;-80;-48.5;-80;-80;-80;-80;-80;-80
19:26:19.140;-80;-80;-55.5;-80;-80;-80;-80;-80
19:26:19.343;-40;-80;-80;-80;-80;-80;-80;-80
19:26:19.343;-80;-51.5;-80;-80;-80;-80;-80;-80
19:26:19.343;-80;-80;-55;-80;-80;-80;-80;-80
19:26:19.390;-80;-51;-80;-80;-80;-80;-80;-80
19:26:19.578;-43.5;-80;-80;-80;-80;-80;-80;-80
19:26:19.578;-80;-80;-52.5;-80;-80;-80;-80;-80
19:26:19.640;-43.5;-80;-80;-80;-80;-80;-80;-80
19:26:19.781;-80;-51.5;-80;-80;-80;-80;-80;-80
19:26:19.781;-80;-80;-54.5;-80;-80;-80;-80;-80
19:26:19.890;-42;-80;-80;-80;-80;-80;-80;-80
19:26:20.031;-80;-50;-80;-80;-80;-80;-80;-80
19:26:20.031;-80;-80;-54.5;-80;-80;-80;-80;-80
19:26:20.140;-44.5;-80;-80;-80;-80;-80;-80;-80
19:26:20.250;-43;-80;-80;-80;-80;-80;-80;-80
19:26:20.250;-80;-55;-80;-80;-80;-80;-80;-80
19:26:20.250;-80;-80;-52;-80;-80;-80;-80;-80
19:26:20.390;-80;-80;-52.5;-80;-80;-80;-80;-80
19:26:20.484;-42.5;-80;-80;-80;-80;-80;-80;-80
19:26:20.484;-80;-58;-80;-80;-80;-80;-80;-80
19:26:20.640;-80;-80;-54;-80;-80;-80;-80;-80
19:26:20.781;-44.5;-80;-80;-80;-80;-80;-80;-80
19:26:20.781;-80;-48;-80;-80;-80;-80;-80;-80
19:26:20.890;-80;-80;-56;-80;-80;-80;-80;-80
19:26:21.078;-44.5;-80;-80;-80;-80;-80;-80;-80
19:26:21.078;-80;-49;-80;-80;-80;-80;-80;-80
19:26:21.140;-80;-80;-55.5;-80;-80;-80;-80;-80
19:26:21.312;-44;-80;-80;-80;-80;-80;-80;-80
19:26:21.312;-80;-49;-80;-80;-80;-80;-80;-80
19:26:21.312;-80;-80;-56.5;-80;-80;-80;-80;-80
19:26:21.546;-42;-80;-80;-80;-80;-80;-80;-80
19:26:21.546;-80;-80;-54.5;-80;-80;-80;-80;-80
19:26:21.640;-42;-80;-80;-80;-80;-80;-80;-80
19:26:21.796;-80;-80;-53.5;-80;-80;-80;-80;-80
