timestamp;rssi1;rssi2;rssi3;rssi4;rssi5;rssi6;rssi7;rssi8;
19:18:50.375;-53.5;-80;-80;-80;-80;-80;-80;-80
19:18:50.375;-80;-80;-80;-57.5;-80;-80;-80;-80
19:18:50.515;-47.5;-80;-80;-80;-80;-80;-80;-80
19:18:50.812;-50.5;-80;-80;-80;-80;-80;-80;-80
19:18:51.015;-51;-80;-80;-80;-80;-80;-80;-80
19:18:51.031;-80;-57;-80;-80;-80;-80;-80;-80
19:18:51.281;-49.5;-80;-80;-80;-80;-80;-80;-80
19:18:51.296;-80;-55.5;-80;-80;-80;-80;-80;-80
19:18:51.375;-80;-80;-52;-80;-80;-80;-80;-80
19:18:51.390;-80;-80;-52;-80;-80;-80;-80;-80
19:18:51.484;-52;-80;-80;-80;-80;-80;-80;-80
19:18:51.484;-80;-57;-80;-80;-80;-80;-80;-80
19:18:51.828;-51;-80;-80;-80;-80;-80;-80;-80
19:18:52.078;-52;-80;-80;-80;-80;-80;-80;-80
19:18:52.281;-53;-80;-80;-80;-80;-80;-80;-80
19:18:52.281;-80;-58.5;-80;-80;-80;-80;-80;-80
19:18:52.296;-80;-80;-56.5;-80;-80;-80;-80;-80
19:18:52.296;-80;-80;-53.5;-80;-80;-80;-80;-80
19:18:52.562;-80;-80;-55;-80;-80;-80;-80;-80
19:18:52.562;-80;-80;-80;-56;-80;-80;-80;-80
19:18:52.625;-56;-80;-80;-80;-80;-80;-80;-80
19:18:52.625;-80;-80;-80;-57.5;-80;-80;-80;-80
19:18:52.812;-56.5;-80;-80;-80;-80;-80;-80;-80
19:18:53.062;-54.5;-80;-80;-80;-80;-80;-80;-80
19:18:53.125;-54;-80;-80;-80;-80;-80;-80;-80
19:18:53.343;-51.5;-80;-80;-80;-80;-80;-80;-80
19:18:53.640;-50.5;-80;-80;-80;-80;-80;-80;-80
19:18:53.640;-80;-80;-57;-80;-80;-80;-80;-80
19:18:53.875;-49;-80;-80;-80;-80;-80;-80;-80
19:18:54.109;-49;-80;-80;-80;-80;-80;-80;-80
19:18:54.109;-80;-80;-80;-57.5;-80;-80;-80;-80
19:18:54.375;-49;-80;-80;-80;-80;-80;-80;-80
19:18:54.562;-49;-80;-80;-80;-80;-80;-80;-80
19:18:54.625;-48.5;-80;-80;-80;-80;-80;-80;-80
19:18:54.859;-49.5;-80;-80;-80;-80;-80;-80;-80
19:18:55.093;-52;-80;-80;-80;-80;-80;-80;-80
19:18:55.390;-50.5;-80;-80;-80;-80;-80;-80;-80
19:18:55.578;-49;-80;-80;-80;-80;-80;-80;-80
19:18:55.578;-80;-80;-56;-80;-80;-80;-80;-80
19:18:55.578;-80;-80;-80;-57.5;-80;-80;-80;-80
19:18:55.859;-51;-80;-80;-80;-80;-80;-80;-80
19:18:56.109;-53;-80;-80;-80;-80;-80;-80;-80
19:18:56.312;-80;-80;-58;-80;-80;-80;-80;-80
19:18:56.390;-49;-80;-80;-80;-80;-80;-80;-80
19:18:56.593;-50.5;-80;-80;-80;-80;-80;-80;-80
19:18:56.593;-80;-80;-80;-58.5;-80;-80;-80;-80
19:18:56.625;-50;-80;-80;-80;-80;-80;-80;-80
19:18:56.859;-51.5;-80;-80;-80;-80;-80;-80;-80
19:18:56.859;-80;-80;-80;-58;-80;-80;-80;-80
19:18:57.000;-49.5;-80;-80;-80;-80;-80;-80;-80
19:18:57.000;-80;-57;-80;-80;-80;-80;-80;-80
19:18:57.125;-51;-80;-80;-80;-80;-80;-80;-80
19:18:57.125;-80;-80;-80;-58.5;-80;-80;-80;-80
19:18:57.328;-55.5;-80;-80;-80;-80;-80;-80;-80
19:18:57.375;-55;-80;-80;-80;-80;-80;-80;-80
19:18:57.593;-56.5;-80;-80;-80;-80;-80;-80;-80
19:18:57.593;-80;-80;-56;-80;-80;-80;-80;-80
19:18:57.812;-53;-80;-80;-80;-80;-80;-80;-80
19:18:57.812;-80;-80;-55.5;-80;-80;-80;-80;-80
19:18:57.812;-80;-80;-80;-56.5;-80;-80;-80;-80
19:18:57.875;-53;-80;-80;-80;-80;-80;-80;-80
19:18:58.125;-52;-80;-80;-80;-80;-80;-80;-80
19:18:58.109;-80;-80;-52;-80;-80;-80;-80;-80
19:18:58.281;-52.5;-80;-80;-80;-80;-80;-80;-80
19:18:58.281;-80;-80;-57;-80;-80;-80;-80;-80
19:18:58.375;-52;-80;-80;-80;-80;-80;-80;-80
19:18:58.562;-50;-80;-80;-80;-80;-80;-80;-80
19:18:58.562;-80;-80;-56;-80;-80;-80;-80;-80
19:18:58.859;-50.5;-80;-80;-80;-80;-80;-80;-80
19:18:58.859;-80;-58.5;-80;-80;-80;-80;-80;-80
19:18:59.125;-52;-80;-80;-80;-80;-80;-80;-80
19:18:59.125;-80;-80;-58.5;-80;-80;-80;-80;-80
19:18:59.375;-55;-80;-80;-80;-80;-80;-80;-80
19:18:59.578;-55.5;-80;-80;-80;-80;-80;-80;-80
19:18:59.578;-80;-80;-58;-80;-80;-80;-80;-80
19:18:59.781;-50.5;-80;-80;-80;-80;-80;-80;-80
19:18:59.781;-80;-80;-55.5;-80;-80;-80;-80;-80
19:18:59.875;-53;-80;-80;-80;-80;-80;-80;-80
19:19:00.140;-80;-80;-55.5;-80;-80;-80;-80;-80
19:19:00.296;-50;-80;-80;-80;-80;-80;-80;-80
19:19:00.390;-80;-80;-80;-58;-80;-80;-80;-80
19:19:00.546;-50;-80;-80;-80;-80;-80;-80;-80
19:19:00.546;-80;-80;-58.5;-80;-80;-80;-80;-80
19:19:00.546;-80;-80;-80;-57;-80;-80;-80;-80
19:19:00.625;-80;-80;-55.5;-80;-80;-80;-80;-80
19:19:00.625;-80;-80;-80;-59;-80;-80;-80;-80
19:19:00.828;-49;-80;-80;-80;-80;-80;-80;-80
19:19:00.828;-80;-80;-55;-80;-80;-80;-80;-80
19:19:01.015;-48;-80;-80;-80;-80;-80;-80;-80
19:19:01.015;-48;-80;-80;-80;-80;-80;-80;-80
19:19:01.015;-80;-56;-80;-80;-80;-80;-80;-80
19:19:01.125;-80;-56;-80;-80;-80;-80;-80;-80
19:19:01.125;-80;-80;-55;-80;-80;-80;-80;-80
19:19:01.312;-49.5;-80;-80;-80;-80;-80;-80;-80
19:19:01.312;-80;-54.5;-80;-80;-80;-80;-80;-80
19:19:01.375;-80;-80;-52.5;-80;-80;-80;-80;-80
19:19:01.578;-47.5;-80;-80;-80;-80;-80;-80;-80
19:19:01.578;-80;-80;-53;-80;-80;-80;-80;-80
19:19:01.625;-80;-80;-55;-80;-80;-80;-80;-80
19:19:01.843;-49;-80;-80;-80;-80;-80;-80;-80
19:19:01.843;-80;-59;-80;-80;-80;-80;-80;-80
19:19:01.843;-80;-80;-54.5;-80;-80;-80;-80;-80
19:19:01.875;-80;-80;-57;-80;-80;-80;-80;-80
19:19:02.046;-52;-80;-80;-80;-80;-80;-80;-80
19:19:02.046;-80;-80;-56.5;-80;-80;-80;-80;-80
19:19:02.359;-53.5;-80;-80;-80;-80;-80;-80;-80
19:19:02.531;-80;-56.5;-80;-80;-80;-80;-80;-80
19:19:02.781;-54.5;-80;-80;-80;-80;-80;-80;-80
19:19:02.781;-80;-56;-80;-80;-80;-80;-80;-80
19:19:02.875;-80;-57.5;-80;-80;-80;-80;-80;-80
19:19:02.875;-80;-80;-56;-80;-80;-80;-80;-80
19:19:02.984;-51;-80;-80;-80;-80;-80;-80;-80
19:19:03.015;-80;-53;-80;-80;-80;-80;-80;-80
19:19:03.125;-80;-80;-80;-57.5;-80;-80;-80;-80
19:19:03.250;-50.5;-80;-80;-80;-80;-80;-80;-80
19:19:03.375;-52.5;-80;-80;-80;-80;-80;-80;-80
19:19:03.593;-50;-80;-80;-80;-80;-80;-80;-80
19:19:03.625;-56;-80;-80;-80;-80;-80;-80;-80
19:19:03.593;-80;-80;-80;-60.5;-80;-80;-80;-80
19:19:03.875;-80;-52.5;-80;-80;-80;-80;-80;-80
19:19:03.953;-56;-80;-80;-80;-80;-80;-80;-80
19:19:03.953;-80;-53;-80;-80;-80;-80;-80;-80
19:19:04.125;-53.5;-80;-80;-80;-80;-80;-80;-80
19:19:04.125;-80;-52.5;-80;-80;-80;-80;-80;-80
19:19:04.125;-80;-80;-57.5;-80;-80;-80;-80;-80
19:19:04.265;-53;-80;-80;-80;-80;-80;-80;-80
19:19:04.265;-80;-51.5;-80;-80;-80;-80;-80;-80
19:19:04.265;-80;-80;-55.5;-80;-80;-80;-80;-80
19:19:04.375;-52;-80;-80;-80;-80;-80;-80;-80
19:19:04.562;-80;-56;-80;-80;-80;-80;-80;-80
19:19:04.640;-49.5;-80;-80;-80;-80;-80;-80;-80
19:19:04.765;-53;-80;-80;-80;-80;-80;-80;-80
19:19:04.765;-80;-80;-57;-80;-80;-80;-80;-80
19:19:04.875;-48.5;-80;-80;-80;-80;-80;-80;-80
19:19:05.031;-48;-80;-80;-80;-80;-80;-80;-80
19:19:05.031;-80;-54;-80;-80;-80;-80;-80;-80
19:19:05.031;-80;-80;-54.5;-80;-80;-80;-80;-80
19:19:05.125;-52.5;-80;-80;-80;-80;-80;-80;-80
19:19:05.265;-54;-80;-80;-80;-80;-80;-80;-80
19:19:05.265;-80;-54;-80;-80;-80;-80;-80;-80
19:19:05.640;-56;-80;-80;-80;-80;-80;-80;-80
19:19:05.640;-80;-58;-80;-80;-80;-80;-80;-80
19:19:05.875;-58;-80;-80;-80;-80;-80;-80;-80
19:19:06.875;-55.5;-80;-80;-80;-80;-80;-80;-80
19:19:07.093;-53;-80;-80;-80;-80;-80;-80;-80
19:19:07.125;-50;-80;-80;-80;-80;-80;-80;-80
19:19:07.375;-52.5;-80;-80;-80;-80;-80;-80;-80
19:19:07.562;-52.5;-80;-80;-80;-80;-80;-80;-80
19:19:07.812;-51.5;-80;-80;-80;-80;-80;-80;-80
19:19:07.812;-80;-57;-80;-80;-80;-80;-80;-80
19:19:07.875;-80;-56.5;-80;-80;-80;-80;-80;-80
19:19:08.093;-50;-80;-80;-80;-80;-80;-80;-80
19:19:08.359;-52.5;-80;-80;-80;-80;-80;-80;-80
19:19:08.625;-49;-80;-80;-80;-80;-80;-80;-80
19:19:08.875;-47.5;-80;-80;-80;-80;-80;-80;-80
19:19:09.078;-47.5;-80;-80;-80;-80;-80;-80;-80
19:19:09.359;-47.5;-80;-80;-80;-80;-80;-80;-80
19:19:09.640;-48;-80;-80;-80;-80;-80;-80;-80
19:19:09.875;-51;-80;-80;-80;-80;-80;-80;-80
19:19:09.875;-80;-80;-57.5;-80;-80;-80;-80;-80
19:19:10.109;-49.5;-80;-80;-80;-80;-80;-80;-80
19:19:10.109;-80;-80;-59.5;-80;-80;-80;-80;-80
19:19:10.375;-51;-80;-80;-80;-80;-80;-80;-80
19:19:10.375;-80;-80;-58.5;-80;-80;-80;-80;-80
19:19:10.609;-49;-80;-80;-80;-80;-80;-80;-80
19:19:10.609;-80;-80;-59;-80;-80;-80;-80;-80
19:19:10.875;-50;-80;-80;-80;-80;-80;-80;-80
19:19:11.125;-51.5;-80;-80;-80;-80;-80;-80;-80
19:19:11.125;-80;-80;-57;-80;-80;-80;-80;-80
19:19:11.390;-50;-80;-80;-80;-80;-80;-80;-80
19:19:11.546;-52;-80;-80;-80;-80;-80;-80;-80
19:19:11.750;-56.5;-80;-80;-80;-80;-80;-80;-80
19:19:11.750;-80;-80;-57;-80;-80;-80;-80;-80
19:19:12.031;-54;-80;-80;-80;-80;-80;-80;-80
19:19:12.203;-56;-80;-80;-80;-80;-80;-80;-80
19:19:12.390;-52.5;-80;-80;-80;-80;-80;-80;-80
19:19:12.546;-58;-80;-80;-80;-80;-80;-80;-80
19:19:12.625;-51;-80;-80;-80;-80;-80;-80;-80
19:19:12.812;-53;-80;-80;-80;-80;-80;-80;-80
19:19:13.046;-50;-80;-80;-80;-80;-80;-80;-80
19:19:13.125;-80;-56.5;-80;-80;-80;-80;-80;-80
19:19:13.328;-50.5;-80;-80;-80;-80;-80;-80;-80
19:19:13.562;-50.5;-80;-80;-80;-80;-80;-80;-80
19:19:13.562;-80;-80;-55.5;-80;-80;-80;-80;-80
19:19:13.640;-50;-80;-80;-80;-80;-80;-80;-80
19:19:13.765;-80;-57;-80;-80;-80;-80;-80;-80
19:19:13.875;-50.5;-80;-80;-80;-80;-80;-80;-80
19:19:14.078;-52;-80;-80;-80;-80;-80;-80;-80
19:19:14.125;-52.5;-80;-80;-80;-80;-80;-80;-80
19:19:14.312;-54.5;-80;-80;-80;-80;-80;-80;-80
19:19:14.375;-54;-80;-80;-80;-80;-80;-80;-80
19:19:14.562;-54.5;-80;-80;-80;-80;-80;-80;-80
19:19:14.640;-54.5;-80;-80;-80;-80;-80;-80;-80
19:19:14.812;-53.5;-80;-80;-80;-80;-80;-80;-80
19:19:14.890;-53.5;-80;-80;-80;-80;-80;-80;-80
19:19:15.078;-52;-80;-80;-80;-80;-80;-80;-80
19:19:15.125;-52.5;-80;-80;-80;-80;-80;-80;-80
19:19:15.218;-80;-54;-80;-80;-80;-80;-80;-80
19:19:15.375;-54.5;-80;-80;-80;-80;-80;-80;-80
19:19:15.515;-54;-80;-80;-80;-80;-80;-80;-80
19:19:15.515;-80;-55.5;-80;-80;-80;-80;-80;-80
19:19:15.515;-80;-80;-57.5;-80;-80;-80;-80;-80
19:19:15.625;-80;-80;-59;-80;-80;-80;-80;-80
19:19:15.718;-52.5;-80;-80;-80;-80;-80;-80;-80
19:19:15.718;-80;-54;-80;-80;-80;-80;-80;-80
19:19:15.843;-80;-54.5;-80;-80;-80;-80;-80;-80
19:19:15.843;-80;-80;-80;-60;-80;-80;-80;-80
19:19:16.000;-53;-80;-80;-80;-80;-80;-80;-80
19:19:16.000;-80;-80;-80;-58.5;-80;-80;-80;-80
19:19:16.125;-80;-80;-52.5;-80;-80;-80;-80;-80
19:19:16.250;-51.5;-80;-80;-80;-80;-80;-80;-80
19:19:16.250;-80;-80;-53.5;-80;-80;-80;-80;-80
19:19:16.375;-80;-56;-80;-80;-80;-80;-80;-80
19:19:16.562;-51;-80;-80;-80;-80;-80;-80;-80
19:19:16.562;-80;-56.5;-80;-80;-80;-80;-80;-80
19:19:16.625;-80;-57.5;-80;-80;-80;-80;-80;-80
19:19:16.750;-48;-80;-80;-80;-80;-80;-80;-80
19:19:16.843;-48;-80;-80;-80;-80;-80;-80;-80
19:19:16.843;-80;-58;-80;-80;-80;-80;-80;-80
19:19:17.031;-49.5;-80;-80;-80;-80;-80;-80;-80
19:19:17.031;-80;-80;-55.5;-80;-80;-80;-80;-80
19:19:17.125;-50;-80;-80;-80;-80;-80;-80;-80
19:19:17.140;-80;-58.5;-80;-80;-80;-80;-80;-80
19:19:17.218;-80;-58;-80;-80;-80;-80;-80;-80
19:19:17.218;-80;-80;-54.5;-80;-80;-80;-80;-80
19:19:17.390;-51;-80;-80;-80;-80;-80;-80;-80
19:19:17.484;-80;-80;-58;-80;-80;-80;-80;-80
19:19:17.765;-51.5;-80;-80;-80;-80;-80;-80;-80
19:19:18.062;-53;-80;-80;-80;-80;-80;-80;-80
19:19:18.062;-80;-56;-80;-80;-80;-80;-80;-80
19:19:18.281;-53.5;-80;-80;-80;-80;-80;-80;-80
19:19:18.281;-80;-57;-80;-80;-80;-80;-80;-80
19:19:18.375;-80;-80;-58.5;-80;-80;-80;-80;-80
19:19:18.531;-54.5;-80;-80;-80;-80;-80;-80;-80
19:19:18.531;-80;-80;-55.5;-80;-80;-80;-80;-80
19:19:18.625;-80;-55;-80;-80;-80;-80;-80;-80
19:19:18.750;-80;-57.5;-80;-80;-80;-80;-80;-80
19:19:18.750;-80;-80;-57;-80;-80;-80;-80;-80
19:19:18.875;-58.5;-80;-80;-80;-80;-80;-80;-80
19:19:19.000;-80;-80;-55;-80;-80;-80;-80;-80
19:19:19.000;-80;-80;-80;-57.5;-80;-80;-80;-80
19:19:19.140;-58.5;-80;-80;-80;-80;-80;-80;-80
19:19:19.140;-80;-56;-80;-80;-80;-80;-80;-80
19:19:19.140;-80;-80;-80;-59;-80;-80;-80;-80
19:19:19.296;-80;-55.5;-80;-80;-80;-80;-80;-80
19:19:19.375;-55.5;-80;-80;-80;-80;-80;-80;-80
19:19:19.515;-49.5;-80;-80;-80;-80;-80;-80;-80
19:19:19.734;-52;-80;-80;-80;-80;-80;-80;-80
19:19:19.875;-80;-80;-53;-80;-80;-80;-80;-80
19:19:19.968;-52;-80;-80;-80;-80;-80;-80;-80
19:19:20.125;-80;-56.5;-80;-80;-80;-80;-80;-80
19:19:20.312;-53.5;-80;-80;-80;-80;-80;-80;-80
19:19:20.312;-80;-80;-57;-80;-80;-80;-80;-80
19:19:20.375;-80;-80;-57;-80;-80;-80;-80;-80
19:19:20.515;-50.5;-80;-80;-80;-80;-80;-80;-80
19:19:20.515;-80;-56.5;-80;-80;-80;-80;-80;-80
19:19:20.734;-52;-80;-80;-80;-80;-80;-80;-80
19:19:20.875;-80;-80;-56;-80;-80;-80;-80;-80
19:19:21.046;-54.5;-80;-80;-80;-80;-80;-80;-80
19:19:21.046;-80;-58;-80;-80;-80;-80;-80;-80
19:19:21.375;-55;-80;-80;-80;-80;-80;-80;-80
19:19:21.375;-80;-80;-56;-80;-80;-80;-80;-80
19:19:21.546;-52;-80;-80;-80;-80;-80;-80;-80
19:19:21.546;-80;-80;-56.5;-80;-80;-80;-80;-80
19:19:21.796;-52.5;-80;-80;-80;-80;-80;-80;-80
19:19:21.796;-80;-80;-56.5;-80;-80;-80;-80;-80
19:19:21.875;-51.5;-80;-80;-80;-80;-80;-80;-80
19:19:21.984;-80;-80;-56.5;-80;-80;-80;-80;-80
19:19:22.125;-55.5;-80;-80;-80;-80;-80;-80;-80
19:19:22.296;-80;-80;-58;-80;-80;-80;-80;-80
19:19:22.531;-51.5;-80;-80;-80;-80;-80;-80;-80
19:19:22.625;-80;-80;-57;-80;-80;-80;-80;-80
19:19:22.796;-56.5;-80;-80;-80;-80;-80;-80;-80
19:19:22.875;-80;-80;-55;-80;-80;-80;-80;-80
19:19:23.093;-52;-80;-80;-80;-80;-80;-80;-80
19:19:23.093;-80;-80;-57;-80;-80;-80;-80;-80
19:19:23.312;-53;-80;-80;-80;-80;-80;-80;-80
19:19:23.312;-80;-56;-80;-80;-80;-80;-80;-80
19:19:23.312;-80;-80;-57;-80;-80;-80;-80;-80
19:19:23.375;-80;-56;-80;-80;-80;-80;-80;-80
19:19:23.515;-51.5;-80;-80;-80;-80;-80;-80;-80
19:19:23.781;-52;-80;-80;-80;-80;-80;-80;-80
19:19:24.062;-51;-80;-80;-80;-80;-80;-80;-80
19:19:24.062;-80;-57;-80;-80;-80;-80;-80;-80
19:19:24.125;-80;-80;-54.5;-80;-80;-80;-80;-80
19:19:24.265;-49.5;-80;-80;-80;-80;-80;-80;-80
19:19:24.531;-52;-80;-80;-80;-80;-80;-80;-80
19:19:24.531;-80;-80;-58;-80;-80;-80;-80;-80
19:19:24.828;-52;-80;-80;-80;-80;-80;-80;-80
19:19:24.812;-80;-80;-57.5;-80;-80;-80;-80;-80
19:19:24.875;-52;-80;-80;-80;-80;-80;-80;-80
19:19:25.125;-52;-80;-80;-80;-80;-80;-80;-80
19:19:25.234;-52;-80;-80;-80;-80;-80;-80;-80
19:19:25.375;-52;-80;-80;-80;-80;-80;-80;-80
19:19:25.484;-52;-80;-80;-80;-80;-80;-80;-80
19:19:25.484;-80;-59.5;-80;-80;-80;-80;-80;-80
19:19:25.734;-53.5;-80;-80;-80;-80;-80;-80;-80
19:19:25.890;-80;-80;-55;-80;-80;-80;-80;-80
19:19:26.015;-56.5;-80;-80;-80;-80;-80;-80;-80
19:19:26.015;-80;-80;-57.5;-80;-80;-80;-80;-80
19:19:26.125;-80;-80;-58.5;-80;-80;-80;-80;-80
19:19:26.265;-52;-80;-80;-80;-80;-80;-80;-80
19:19:26.375;-80;-80;-55.5;-80;-80;-80;-80;-80
19:19:26.562;-54.5;-80;-80;-80;-80;-80;-80;-80
19:19:26.828;-53;-80;-80;-80;-80;-80;-80;-80
19:19:26.828;-80;-80;-57.5;-80;-80;-80;-80;-80
19:19:26.875;-80;-80;-57.5;-80;-80;-80;-80;-80
19:19:27.000;-51;-80;-80;-80;-80;-80;-80;-80
19:19:27.000;-80;-56.5;-80;-80;-80;-80;-80;-80
19:19:27.125;-80;-57;-80;-80;-80;-80;-80;-80
19:19:27.296;-51.5;-80;-80;-80;-80;-80;-80;-80
19:19:27.375;-80;-80;-56;-80;-80;-80;-80;-80
19:19:27.515;-53.5;-80;-80;-80;-80;-80;-80;-80
19:19:27.515;-80;-80;-56.5;-80;-80;-80;-80;-80
19:19:27.515;-54;-80;-80;-80;-80;-80;-80;-80
19:19:27.734;-52;-80;-80;-80;-80;-80;-80;-80
19:19:27.875;-80;-80;-56.5;-80;-80;-80;-80;-80
19:19:28.031;-55;-80;-80;-80;-80;-80;-80;-80
19:19:28.015;-80;-80;-56.5;-80;-80;-80;-80;-80
19:19:28.265;-56;-80;-80;-80;-80;-80;-80;-80
19:19:28.265;-80;-80;-55.5;-80;-80;-80;-80;-80
19:19:28.375;-56;-80;-80;-80;-80;-80;-80;-80
19:19:28.375;-80;-80;-56.5;-80;-80;-80;-80;-80
19:19:28.531;-54;-80;-80;-80;-80;-80;-80;-80
19:19:28.531;-80;-80;-55.5;-80;-80;-80;-80;-80
19:19:28.750;-56.5;-80;-80;-80;-80;-80;-80;-80
19:19:28.750;-80;-80;-55.5;-80;-80;-80;-80;-80
19:19:28.875;-55;-80;-80;-80;-80;-80;-80;-80
19:19:29.015;-55.5;-80;-80;-80;-80;-80;-80;-80
19:19:29.015;-80;-80;-55;-80;-80;-80;-80;-80
19:19:29.125;-55.5;-80;-80;-80;-80;-80;-80;-80
19:19:29.125;-80;-80;-55.5;-80;-80;-80;-80;-80
19:19:29.265;-53;-80;-80;-80;-80;-80;-80;-80
19:19:29.265;-80;-80;-55.5;-80;-80;-80;-80;-80
19:19:29.375;-80;-80;-57;-80;-80;-80;-80;-80
19:19:29.546;-52.5;-80;-80;-80;-80;-80;-80;-80
19:19:29.734;-51.5;-80;-80;-80;-80;-80;-80;-80
19:19:29.875;-51.5;-80;-80;-80;-80;-80;-80;-80
19:19:29.875;-80;-80;-54.5;-80;-80;-80;-80;-80
19:19:30.046;-54;-80;-80;-80;-80;-80;-80;-80
19:19:30.046;-80;-80;-56;-80;-80;-80;-80;-80
19:19:30.265;-50.5;-80;-80;-80;-80;-80;-80;-80
19:19:30.265;-80;-80;-55.5;-80;-80;-80;-80;-80
19:19:30.375;-50;-80;-80;-80;-80;-80;-80;-80
19:19:30.375;-80;-56;-80;-80;-80;-80;-80;-80
19:19:30.500;-54.5;-80;-80;-80;-80;-80;-80;-80
19:19:30.625;-54.5;-80;-80;-80;-80;-80;-80;-80
19:19:30.625;-80;-80;-57;-80;-80;-80;-80;-80
19:19:30.796;-52;-80;-80;-80;-80;-80;-80;-80
19:19:30.796;-80;-59;-80;-80;-80;-80;-80;-80
19:19:31.015;-51.5;-80;-80;-80;-80;-80;-80;-80
19:19:31.015;-80;-80;-57.5;-80;-80;-80;-80;-80
19:19:31.281;-51;-80;-80;-80;-80;-80;-80;-80
19:19:31.265;-80;-80;-55.5;-80;-80;-80;-80;-80
19:19:31.375;-51;-80;-80;-80;-80;-80;-80;-80
19:19:31.375;-80;-57;-80;-80;-80;-80;-80;-80
19:19:31.515;-55.5;-80;-80;-80;-80;-80;-80;-80
19:19:31.640;-55.5;-80;-80;-80;-80;-80;-80;-80
19:19:31.750;-51.5;-80;-80;-80;-80;-80;-80;-80
19:19:31.750;-80;-80;-56.5;-80;-80;-80;-80;-80
19:19:31.875;-51.5;-80;-80;-80;-80;-80;-80;-80
19:19:31.875;-80;-80;-57;-80;-80;-80;-80;-80
19:19:32.015;-52.5;-80;-80;-80;-80;-80;-80;-80
19:19:32.015;-80;-80;-56.5;-80;-80;-80;-80;-80
19:19:32.125;-52;-80;-80;-80;-80;-80;-80;-80
19:19:32.218;-80;-80;-55;-80;-80;-80;-80;-80
19:19:32.375;-55.5;-80;-80;-80;-80;-80;-80;-80
19:19:32.375;-80;-80;-55;-80;-80;-80;-80;-80
19:19:32.546;-51;-80;-80;-80;-80;-80;-80;-80
19:19:32.546;-80;-80;-54.5;-80;-80;-80;-80;-80
19:19:32.640;-80;-80;-57;-80;-80;-80;-80;-80
19:19:32.875;-51.5;-80;-80;-80;-80;-80;-80;-80
19:19:33.000;-56;-80;-80;-80;-80;-80;-80;-80
19:19:33.000;-80;-80;-54.5;-80;-80;-80;-80;-80
19:19:33.125;-56;-80;-80;-80;-80;-80;-80;-80
19:19:33.125;-80;-57.5;-80;-80;-80;-80;-80;-80
19:19:33.343;-53;-80;-80;-80;-80;-80;-80;-80
19:19:33.531;-80;-80;-57;-80;-80;-80;-80;-80
19:19:33.625;-51;-80;-80;-80;-80;-80;-80;-80
19:19:33.625;-80;-56.5;-80;-80;-80;-80;-80;-80
19:19:33.734;-80;-56.5;-80;-80;-80;-80;-80;-80
19:19:33.875;-51.5;-80;-80;-80;-80;-80;-80;-80
19:19:34.109;-51;-80;-80;-80;-80;-80;-80;-80
19:19:34.109;-80;-56.5;-80;-80;-80;-80;-80;-80
19:19:34.234;-80;-57.5;-80;-80;-80;-80;-80;-80
19:19:34.375;-52;-80;-80;-80;-80;-80;-80;-80
19:19:34.515;-80;-80;-55.5;-80;-80;-80;-80;-80
19:19:34.609;-52.5;-80;-80;-80;-80;-80;-80;-80
19:19:34.781;-80;-80;-56;-80;-80;-80;-80;-80
19:19:34.875;-52;-80;-80;-80;-80;-80;-80;-80
19:19:35.000;-80;-80;-58.5;-80;-80;-80;-80;-80
19:19:35.125;-52;-80;-80;-80;-80;-80;-80;-80
19:19:35.375;-52;-80;-80;-80;-80;-80;-80;-80
19:19:35.625;-52;-80;-80;-80;-80;-80;-80;-80
19:19:35.625;-80;-57.5;-80;-80;-80;-80;-80;-80
19:19:35.796;-53.5;-80;-80;-80;-80;-80;-80;-80
19:19:35.875;-53.5;-80;-80;-80;-80;-80;-80;-80
19:19:35.984;-80;-80;-55.5;-80;-80;-80;-80;-80
19:19:36.125;-53.5;-80;-80;-80;-80;-80;-80;-80
19:19:36.250;-80;-80;-58;-80;-80;-80;-80;-80
19:19:36.375;-52;-80;-80;-80;-80;-80;-80;-80
19:19:36.453;-80;-80;-56;-80;-80;-80;-80;-80
19:19:36.625;-55;-80;-80;-80;-80;-80;-80;-80
19:19:36.625;-55;-80;-80;-80;-80;-80;-80;-80
19:19:36.796;-53.5;-80;-80;-80;-80;-80;-80;-80
19:19:36.796;-80;-80;-55.5;-80;-80;-80;-80;-80
19:19:36.875;-53.5;-80;-80;-80;-80;-80;-80;-80
19:19:37.062;-54.5;-80;-80;-80;-80;-80;-80;-80
19:19:37.046;-80;-80;-57;-80;-80;-80;-80;-80
19:19:37.125;-55;-80;-80;-80;-80;-80;-80;-80
19:19:37.125;-80;-56;-80;-80;-80;-80;-80;-80
19:19:37.250;-80;-56.5;-80;-80;-80;-80;-80;-80
19:19:37.375;-51.5;-80;-80;-80;-80;-80;-80;-80
19:19:37.500;-51.5;-80;-80;-80;-80;-80;-80;-80
19:19:37.500;-80;-80;-55.5;-80;-80;-80;-80;-80
19:19:37.640;-53.5;-80;-80;-80;-80;-80;-80;-80
19:19:37.640;-80;-80;-55;-80;-80;-80;-80;-80
19:19:37.734;-53.5;-80;-80;-80;-80;-80;-80;-80
19:19:37.875;-51;-80;-80;-80;-80;-80;-80;-80
19:19:38.015;-80;-80;-56;-80;-80;-80;-80;-80
19:19:38.265;-54.5;-80;-80;-80;-80;-80;-80;-80
19:19:38.265;-80;-80;-55.5;-80;-80;-80;-80;-80
19:19:38.390;-80;-80;-55.5;-80;-80;-80;-80;-80
19:19:38.500;-56;-80;-80;-80;-80;-80;-80;-80
19:19:38.500;-80;-80;-54.5;-80;-80;-80;-80;-80
19:19:38.625;-53.5;-80;-80;-80;-80;-80;-80;-80
19:19:38.625;-80;-80;-55.5;-80;-80;-80;-80;-80
19:19:38.750;-53;-80;-80;-80;-80;-80;-80;-80
19:19:38.750;-80;-80;-54.5;-80;-80;-80;-80;-80
19:19:38.890;-55.5;-80;-80;-80;-80;-80;-80;-80
19:19:38.890;-80;-80;-55;-80;-80;-80;-80;-80
19:19:39.000;-80;-80;-55;-80;-80;-80;-80;-80
19:19:39.125;-53.5;-80;-80;-80;-80;-80;-80;-80
19:19:39.234;-80;-80;-55;-80;-80;-80;-80;-80
19:19:39.375;-54;-80;-80;-80;-80;-80;-80;-80
19:19:39.484;-52;-80;-80;-80;-80;-80;-80;-80
19:19:39.484;-80;-80;-59;-80;-80;-80;-80;-80
19:19:39.625;-52;-80;-80;-80;-80;-80;-80;-80
19:19:39.625;-80;-80;-56;-80;-80;-80;-80;-80
19:19:39.734;-52;-80;-80;-80;-80;-80;-80;-80
19:19:39.734;-80;-80;-57;-80;-80;-80;-80;-80
19:19:40.000;-51.5;-80;-80;-80;-80;-80;-80;-80
19:19:40.000;-80;-80;-57;-80;-80;-80;-80;-80
19:19:40.125;-51.5;-80;-80;-80;-80;-80;-80;-80
19:19:40.125;-80;-80;-56.5;-80;-80;-80;-80;-80
19:19:40.281;-54;-80;-80;-80;-80;-80;-80;-80
19:19:40.281;-80;-80;-52.5;-80;-80;-80;-80;-80
19:19:40.390;-80;-80;-54.5;-80;-80;-80;-80;-80
19:19:40.500;-51;-80;-80;-80;-80;-80;-80;-80
19:19:40.500;-80;-56;-80;-80;-80;-80;-80;-80
19:19:40.625;-54;-80;-80;-80;-80;-80;-80;-80
19:19:40.781;-54;-80;-80;-80;-80;-80;-80;-80
19:19:40.781;-80;-80;-58;-80;-80;-80;-80;-80
19:19:41.000;-51;-80;-80;-80;-80;-80;-80;-80
19:19:41.000;-80;-58.5;-80;-80;-80;-80;-80;-80
19:19:41.015;-80;-80;-56.5;-80;-80;-80;-80;-80
19:19:41.125;-80;-80;-56.5;-80;-80;-80;-80;-80
19:19:41.281;-54.5;-80;-80;-80;-80;-80;-80;-80
19:19:41.281;-80;-80;-57;-80;-80;-80;-80;-80
19:19:41.375;-80;-80;-57.5;-80;-80;-80;-80;-80
19:19:41.500;-52;-80;-80;-80;-80;-80;-80;-80
19:19:41.500;-80;-55.5;-80;-80;-80;-80;-80;-80
19:19:41.734;-57;-80;-80;-80;-80;-80;-80;-80
19:19:41.734;-80;-80;-57.5;-80;-80;-80;-80;-80
19:19:41.890;-54;-80;-80;-80;-80;-80;-80;-80
19:19:41.890;-80;-80;-59;-80;-80;-80;-80;-80
19:19:42.015;-53;-80;-80;-80;-80;-80;-80;-80
19:19:42.015;-80;-80;-56;-80;-80;-80;-80;-80
19:19:42.125;-51.5;-80;-80;-80;-80;-80;-80;-80
19:19:42.125;-80;-80;-56;-80;-80;-80;-80;-80
19:19:42.234;-51.5;-80;-80;-80;-80;-80;-80;-80
19:19:42.234;-80;-80;-54.5;-80;-80;-80;-80;-80
19:19:42.359;-52;-80;-80;-80;-80;-80;-80;-80
19:19:42.343;-80;-80;-55.5;-80;-80;-80;-80;-80
19:19:42.500;-80;-80;-54;-80;-80;-80;-80;-80
19:19:42.625;-53;-80;-80;-80;-80;-80;-80;-80
19:19:42.765;-80;-80;-57;-80;-80;-80;-80;-80
19:19:42.875;-50.5;-80;-80;-80;-80;-80;-80;-80
19:19:42.984;-50.5;-80;-80;-80;-80;-80;-80;-80
19:19:43.000;-80;-80;-57;-80;-80;-80;-80;-80
19:19:43.140;-54.5;-80;-80;-80;-80;-80;-80;-80
19:19:43.140;-80;-80;-57;-80;-80;-80;-80;-80
19:19:43.250;-53.5;-80;-80;-80;-80;-80;-80;-80
19:19:43.375;-51;-80;-80;-80;-80;-80;-80;-80
19:19:43.625;-49.5;-80;-80;-80;-80;-80;-80;-80
19:19:43.750;-49.5;-80;-80;-80;-80;-80;-80;-80
19:19:43.750;-80;-55.5;-80;-80;-80;-80;-80;-80
19:19:43.890;-52;-80;-80;-80;-80;-80;-80;-80
19:19:43.984;-51.5;-80;-80;-80;-80;-80;-80;-80
19:19:43.984;-80;-80;-58;-80;-80;-80;-80;-80
19:19:44.250;-52;-80;-80;-80;-80;-80;-80;-80
19:19:44.468;-50;-80;-80;-80;-80;-80;-80;-80
19:19:44.562;-80;-80;-56.5;-80;-80;-80;-80;-80
19:19:44.640;-52;-80;-80;-80;-80;-80;-80;-80
19:19:44.593;-80;-80;-56.5;-80;-80;-80;-80;-80
19:19:44.734;-52;-80;-80;-80;-80;-80;-80;-80
19:19:44.734;-80;-80;-56.5;-80;-80;-80;-80;-80
19:19:44.875;-80;-80;-56.5;-80;-80;-80;-80;-80
19:19:44.984;-52;-80;-80;-80;-80;-80;-80;-80
19:19:45.125;-80;-80;-56.5;-80;-80;-80;-80;-80
19:19:45.265;-52.5;-80;-80;-80;-80;-80;-80;-80
19:19:45.531;-52.5;-80;-80;-80;-80;-80;-80;-80
19:19:45.781;-52;-80;-80;-80;-80;-80;-80;-80
19:19:45.796;-80;-57;-80;-80;-80;-80;-80;-80
19:19:45.875;-80;-80;-55.5;-80;-80;-80;-80;-80
19:19:46.015;-52.5;-80;-80;-80;-80;-80;-80;-80
19:19:46.125;-80;-80;-56;-80;-80;-80;-80;-80
19:19:46.296;-56;-80;-80;-80;-80;-80;-80;-80
19:19:46.531;-47;-80;-80;-80;-80;-80;-80;-80
19:19:46.765;-55;-80;-80;-80;-80;-80;-80;-80
19:19:46.875;-80;-80;-55;-80;-80;-80;-80;-80
19:19:47.031;-52.5;-80;-80;-80;-80;-80;-80;-80
19:19:47.234;-55.5;-80;-80;-80;-80;-80;-80;-80
19:19:47.531;-53.5;-80;-80;-80;-80;-80;-80;-80
19:19:47.750;-51.5;-80;-80;-80;-80;-80;-80;-80
19:19:47.890;-80;-80;-55.5;-80;-80;-80;-80;-80
19:19:48.015;-50.5;-80;-80;-80;-80;-80;-80;-80
19:19:48.234;-53.5;-80;-80;-80;-80;-80;-80;-80
19:19:48.234;-80;-80;-55.5;-80;-80;-80;-80;-80
19:19:48.390;-80;-80;-57;-80;-80;-80;-80;-80
19:19:48.390;-53;-80;-80;-80;-80;-80;-80;-80
19:19:48.515;-53;-80;-80;-80;-80;-80;-80;-80
19:19:48.515;-80;-80;-56.5;-80;-80;-80;-80;-80
19:19:48.625;-52.5;-80;-80;-80;-80;-80;-80;-80
19:19:48.625;-80;-80;-56.5;-80;-80;-80;-80;-80
19:19:48.734;-49;-80;-80;-80;-80;-80;-80;-80
19:19:48.875;-56;-80;-80;-80;-80;-80;-80;-80
19:19:48.875;-80;-80;-55;-80;-80;-80;-80;-80
19:19:49.125;-80;-80;-57;-80;-80;-80;-80;-80
19:19:49.218;-55.5;-80;-80;-80;-80;-80;-80;-80
19:19:49.328;-80;-80;-58;-80;-80;-80;-80;-80
19:19:49.328;-80;-80;-80;-59.5;-80;-80;-80;-80
19:19:49.390;-80;-80;-80;-59;-80;-80;-80;-80
19:19:49.468;-53.5;-80;-80;-80;-80;-80;-80;-80
19:19:49.468;-80;-59;-80;-80;-80;-80;-80;-80
19:19:49.562;-80;-58.5;-80;-80;-80;-80;-80;-80
19:19:49.562;-80;-80;-54.5;-80;-80;-80;-80;-80
19:19:49.625;-80;-80;-80;-58;-80;-80;-80;-80
19:19:49.734;-52;-80;-80;-80;-80;-80;-80;-80
19:19:49.734;-80;-80;-80;-57.5;-80;-80;-80;-80
19:19:49.828;-80;-80;-54;-80;-80;-80;-80;-80
19:19:49.984;-51;-80;-80;-80;-80;-80;-80;-80
19:19:50.109;-80;-80;-55.5;-80;-80;-80;-80;-80
19:19:50.250;-51.5;-80;-80;-80;-80;-80;-80;-80
19:19:50.375;-80;-80;-55;-80;-80;-80;-80;-80
19:19:50.531;-55;-80;-80;-80;-80;-80;-80;-80
19:19:50.531;-80;-60;-80;-80;-80;-80;-80;-80
19:19:50.625;-80;-57.5;-80;-80;-80;-80;-80;-80
19:19:50.625;-80;-80;-57.5;-80;-80;-80;-80;-80
19:19:50.812;-50.5;-80;-80;-80;-80;-80;-80;-80
19:19:50.812;-53;-80;-80;-80;-80;-80;-80;-80
19:19:50.875;-80;-80;-56.5;-80;-80;-80;-80;-80
19:19:51.031;-50;-80;-80;-80;-80;-80;-80;-80
19:19:51.281;-52.5;-80;-80;-80;-80;-80;-80;-80
19:19:51.390;-80;-80;-58.5;-80;-80;-80;-80;-80
19:19:51.546;-56.5;-80;-80;-80;-80;-80;-80;-80
19:19:51.546;-80;-55.5;-80;-80;-80;-80;-80;-80
19:19:51.546;-80;-80;-57.5;-80;-80;-80;-80;-80
19:19:51.625;-80;-56;-80;-80;-80;-80;-80;-80
19:19:51.828;-54;-80;-80;-80;-80;-80;-80;-80
19:19:51.890;-80;-80;-56.5;-80;-80;-80;-80;-80
19:19:52.062;-51;-80;-80;-80;-80;-80;-80;-80
19:19:52.125;-80;-80;-57;-80;-80;-80;-80;-80
19:19:52.296;-52;-80;-80;-80;-80;-80;-80;-80
19:19:52.296;-80;-80;-57;-80;-80;-80;-80;-80
19:19:52.515;-52;-80;-80;-80;-80;-80;-80;-80
19:19:52.515;-80;-80;-55.5;-80;-80;-80;-80;-80
19:19:52.640;-52;-80;-80;-80;-80;-80;-80;-80
19:19:52.765;-55;-80;-80;-80;-80;-80;-80;-80
19:19:52.765;-80;-80;-56;-80;-80;-80;-80;-80
19:19:52.875;-51.5;-80;-80;-80;-80;-80;-80;-80
19:19:53.000;-80;-80;-59;-80;-80;-80;-80;-80
19:19:53.109;-52.5;-80;-80;-80;-80;-80;-80;-80
19:19:53.265;-55;-80;-80;-80;-80;-80;-80;-80
19:19:53.265;-80;-80;-56;-80;-80;-80;-80;-80
19:19:53.375;-55;-80;-80;-80;-80;-80;-80;-80
19:19:53.546;-52;-80;-80;-80;-80;-80;-80;-80
19:19:53.765;-53;-80;-80;-80;-80;-80;-80;-80
19:19:53.875;-50.5;-80;-80;-80;-80;-80;-80;-80
19:19:53.875;-80;-57;-80;-80;-80;-80;-80;-80
19:19:54.109;-52;-80;-80;-80;-80;-80;-80;-80
19:19:54.250;-52;-80;-80;-80;-80;-80;-80;-80
19:19:54.375;-52;-80;-80;-80;-80;-80;-80;-80
19:19:54.546;-51.5;-80;-80;-80;-80;-80;-80;-80
19:19:54.734;-80;-80;-57;-80;-80;-80;-80;-80
19:19:54.843;-52;-80;-80;-80;-80;-80;-80;-80
19:19:55.046;-51.5;-80;-80;-80;-80;-80;-80;-80
19:19:55.125;-52;-80;-80;-80;-80;-80;-80;-80
19:19:55.265;-80;-80;-57;-80;-80;-80;-80;-80
19:19:55.375;-52.5;-80;-80;-80;-80;-80;-80;-80
19:19:55.640;-52;-80;-80;-80;-80;-80;-80;-80
19:19:55.875;-52;-80;-80;-80;-80;-80;-80;-80
19:19:55.984;-80;-59;-80;-80;-80;-80;-80;-80
19:19:56.125;-53;-80;-80;-80;-80;-80;-80;-80
19:19:56.234;-80;-80;-58;-80;-80;-80;-80;-80
19:19:56.375;-55.5;-80;-80;-80;-80;-80;-80;-80
19:19:56.531;-80;-80;-57;-80;-80;-80;-80;-80
19:19:56.625;-53;-80;-80;-80;-80;-80;-80;-80
19:19:56.734;-80;-80;-56;-80;-80;-80;-80;-80
19:19:56.890;-53;-80;-80;-80;-80;-80;-80;-80
19:19:56.984;-80;-80;-55.5;-80;-80;-80;-80;-80
19:19:57.140;-51;-80;-80;-80;-80;-80;-80;-80
19:19:57.281;-52.5;-80;-80;-80;-80;-80;-80;-80
19:19:57.390;-52.5;-80;-80;-80;-80;-80;-80;-80
19:19:57.546;-80;-80;-57;-80;-80;-80;-80;-80
19:19:57.625;-52;-80;-80;-80;-80;-80;-80;-80
19:19:57.625;-80;-55;-80;-80;-80;-80;-80;-80
19:19:57.750;-80;-80;-57;-80;-80;-80;-80;-80
19:19:57.875;-51;-80;-80;-80;-80;-80;-80;-80
19:19:57.984;-80;-80;-56;-80;-80;-80;-80;-80
19:19:58.125;-53;-80;-80;-80;-80;-80;-80;-80
19:19:58.265;-52.5;-80;-80;-80;-80;-80;-80;-80
19:19:58.375;-53;-80;-80;-80;-80;-80;-80;-80
19:19:58.515;-55.5;-80;-80;-80;-80;-80;-80;-80
19:19:58.515;-80;-80;-55.5;-80;-80;-80;-80;-80
19:19:58.625;-55.5;-80;-80;-80;-80;-80;-80;-80
19:19:58.734;-80;-80;-56;-80;-80;-80;-80;-80
19:19:58.859;-50;-80;-80;-80;-80;-80;-80;-80
19:19:59.015;-51.5;-80;-80;-80;-80;-80;-80;-80
19:19:59.015;-80;-80;-56;-80;-80;-80;-80;-80
19:19:59.140;-51.5;-80;-80;-80;-80;-80;-80;-80
19:19:59.265;-54;-80;-80;-80;-80;-80;-80;-80
19:19:59.250;-80;-80;-56;-80;-80;-80;-80;-80
19:19:59.375;-54;-80;-80;-80;-80;-80;-80;-80
19:19:59.375;-80;-80;-56;-80;-80;-80;-80;-80
19:19:59.515;-55.5;-80;-80;-80;-80;-80;-80;-80
19:19:59.515;-80;-80;-56;-80;-80;-80;-80;-80
19:19:59.625;-80;-80;-55;-80;-80;-80;-80;-80
19:19:59.781;-54.5;-80;-80;-80;-80;-80;-80;-80
19:19:59.781;-80;-80;-57;-80;-80;-80;-80;-80
19:19:59.781;-80;-80;-80;-58;-80;-80;-80;-80
19:19:59.875;-54;-80;-80;-80;-80;-80;-80;-80
19:20:00.125;-52;-80;-80;-80;-80;-80;-80;-80
19:20:00.375;-50;-80;-80;-80;-80;-80;-80;-80
19:20:00.625;-51.5;-80;-80;-80;-80;-80;-80;-80
19:20:00.859;-49.5;-80;-80;-80;-80;-80;-80;-80
19:20:00.859;-80;-57;-80;-80;-80;-80;-80;-80
19:20:01.125;-53.5;-80;-80;-80;-80;-80;-80;-80
19:20:01.250;-80;-52;-80;-80;-80;-80;-80;-80
19:20:01.375;-80;-80;-80;-57;-80;-80;-80;-80
19:20:01.468;-53.5;-80;-80;-80;-80;-80;-80;-80
19:20:01.468;-80;-57.5;-80;-80;-80;-80;-80;-80
19:20:01.468;-80;-80;-56;-80;-80;-80;-80;-80
19:20:01.609;-57;-80;-80;-80;-80;-80;-80;-80
19:20:01.609;-80;-80;-57;-80;-80;-80;-80;-80
19:20:01.750;-57;-80;-80;-80;-80;-80;-80;-80
19:20:01.750;-80;-54;-80;-80;-80;-80;-80;-80
19:20:01.750;-80;-80;-58.5;-80;-80;-80;-80;-80
19:20:01.875;-49;-80;-80;-80;-80;-80;-80;-80
19:20:01.875;-80;-80;-57;-80;-80;-80;-80;-80
19:20:02.234;-51;-80;-80;-80;-80;-80;-80;-80
19:20:02.484;-51;-80;-80;-80;-80;-80;-80;-80
19:20:02.625;-80;-80;-56.5;-80;-80;-80;-80;-80
19:20:02.796;-50.5;-80;-80;-80;-80;-80;-80;-80
19:20:03.031;-54.5;-80;-80;-80;-80;-80;-80;-80
19:20:03.125;-80;-80;-54.5;-80;-80;-80;-80;-80
19:20:03.281;-55;-80;-80;-80;-80;-80;-80;-80
19:20:03.375;-80;-80;-57;-80;-80;-80;-80;-80
19:20:03.578;-52.5;-80;-80;-80;-80;-80;-80;-80
19:20:03.812;-50.5;-80;-80;-80;-80;-80;-80;-80
19:20:03.812;-80;-57.5;-80;-80;-80;-80;-80;-80
19:20:03.875;-80;-56.5;-80;-80;-80;-80;-80;-80
19:20:04.000;-50.5;-80;-80;-80;-80;-80;-80;-80
19:20:04.125;-50.5;-80;-80;-80;-80;-80;-80;-80
19:20:04.125;-80;-56;-80;-80;-80;-80;-80;-80
19:20:04.250;-54;-80;-80;-80;-80;-80;-80;-80
19:20:04.375;-54;-80;-80;-80;-80;-80;-80;-80
19:20:04.500;-53;-80;-80;-80;-80;-80;-80;-80
19:20:04.625;-80;-58;-80;-80;-80;-80;-80;-80
19:20:04.734;-52.5;-80;-80;-80;-80;-80;-80;-80
19:20:04.859;-46.5;-80;-80;-80;-80;-80;-80;-80
19:20:05.015;-51.5;-80;-80;-80;-80;-80;-80;-80
19:20:05.125;-52;-80;-80;-80;-80;-80;-80;-80
19:20:05.125;-80;-80;-58;-80;-80;-80;-80;-80
19:20:05.312;-51.5;-80;-80;-80;-80;-80;-80;-80
19:20:05.312;-80;-80;-58;-80;-80;-80;-80;-80
19:20:05.468;-80;-80;-56;-80;-80;-80;-80;-80
19:20:05.593;-53;-80;-80;-80;-80;-80;-80;-80
19:20:05.703;-80;-80;-56.5;-80;-80;-80;-80;-80
19:20:05.828;-52;-80;-80;-80;-80;-80;-80;-80
19:20:05.953;-80;-80;-56.5;-80;-80;-80;-80;-80
19:20:06.109;-51;-80;-80;-80;-80;-80;-80;-80
19:20:06.109;-80;-80;-57;-80;-80;-80;-80;-80
19:20:06.250;-80;-60.5;-80;-80;-80;-80;-80;-80
19:20:06.250;-80;-80;-54;-80;-80;-80;-80;-80
19:20:06.375;-54;-80;-80;-80;-80;-80;-80;-80
19:20:06.484;-80;-80;-57.5;-80;-80;-80;-80;-80
19:20:06.625;-51;-80;-80;-80;-80;-80;-80;-80
19:20:06.875;-53;-80;-80;-80;-80;-80;-80;-80
19:20:06.984;-80;-80;-57;-80;-80;-80;-80;-80
19:20:07.125;-57;-80;-80;-80;-80;-80;-80;-80
19:20:07.234;-80;-80;-57;-80;-80;-80;-80;-80
19:20:07.375;-53.5;-80;-80;-80;-80;-80;-80;-80
19:20:07.515;-56;-80;-80;-80;-80;-80;-80;-80
19:20:07.515;-80;-80;-53.5;-80;-80;-80;-80;-80
19:20:07.625;-56;-80;-80;-80;-80;-80;-80;-80
19:20:07.734;-52;-80;-80;-80;-80;-80;-80;-80
19:20:07.734;-80;-80;-56;-80;-80;-80;-80;-80
19:20:07.875;-52.5;-80;-80;-80;-80;-80;-80;-80
19:20:07.953;-80;-80;-55;-80;-80;-80;-80;-80
19:20:08.078;-55;-80;-80;-80;-80;-80;-80;-80
19:20:08.125;-80;-80;-57;-80;-80;-80;-80;-80
19:20:08.265;-80;-80;-57.5;-80;-80;-80;-80;-80
19:20:08.281;-57;-80;-80;-80;-80;-80;-80;-80
19:20:08.390;-80;-80;-57.5;-80;-80;-80;-80;-80
19:20:08.765;-57.5;-80;-80;-80;-80;-80;-80;-80
19:20:08.750;-80;-80;-55;-80;-80;-80;-80;-80
19:20:08.875;-57;-80;-80;-80;-80;-80;-80;-80
19:20:09.015;-80;-80;-54.5;-80;-80;-80;-80;-80
19:20:09.265;-80;-80;-57.5;-80;-80;-80;-80;-80
19:20:09.375;-80;-80;-54;-80;-80;-80;-80;-80
19:20:09.578;-80;-80;-54.5;-80;-80;-80;-80;-80
19:20:09.781;-80;-80;-53.5;-80;-80;-80;-80;-80
19:20:10.015;-54.5;-80;-80;-80;-80;-80;-80;-80
19:20:10.015;-80;-80;-55.5;-80;-80;-80;-80;-80
19:20:10.125;-54.5;-80;-80;-80;-80;-80;-80;-80
19:20:10.218;-80;-80;-55.5;-80;-80;-80;-80;-80
19:20:10.343;-56;-80;-80;-80;-80;-80;-80;-80
19:20:10.562;-55.5;-80;-80;-80;-80;-80;-80;-80
19:20:10.562;-80;-80;-55.5;-80;-80;-80;-80;-80
19:20:10.625;-55.5;-80;-80;-80;-80;-80;-80;-80
19:20:10.734;-80;-80;-54.5;-80;-80;-80;-80;-80
19:20:10.875;-58;-80;-80;-80;-80;-80;-80;-80
19:20:11.000;-80;-80;-56.5;-80;-80;-80;-80;-80
19:20:11.109;-58;-80;-80;-80;-80;-80;-80;-80
19:20:11.234;-80;-80;-52.5;-80;-80;-80;-80;-80
19:20:11.375;-50;-80;-80;-80;-80;-80;-80;-80
19:20:11.515;-80;-80;-57;-80;-80;-80;-80;-80
19:20:11.625;-50.5;-80;-80;-80;-80;-80;-80;-80
19:20:11.750;-80;-80;-55.5;-80;-80;-80;-80;-80
19:20:11.875;-56.5;-80;-80;-80;-80;-80;-80;-80
19:20:12.000;-80;-57.5;-80;-80;-80;-80;-80;-80
19:20:12.218;-56.5;-80;-80;-80;-80;-80;-80;-80
19:20:12.375;-80;-80;-55.5;-80;-80;-80;-80;-80
19:20:12.531;-50.5;-80;-80;-80;-80;-80;-80;-80
19:20:12.750;-51;-80;-80;-80;-80;-80;-80;-80
19:20:12.750;-80;-80;-54.5;-80;-80;-80;-80;-80
19:20:12.875;-80;-80;-57;-80;-80;-80;-80;-80
19:20:13.000;-52.5;-80;-80;-80;-80;-80;-80;-80
19:20:13.140;-80;-80;-59;-80;-80;-80;-80;-80
19:20:13.234;-51.5;-80;-80;-80;-80;-80;-80;-80
19:20:13.546;-57;-80;-80;-80;-80;-80;-80;-80
19:20:13.781;-52.5;-80;-80;-80;-80;-80;-80;-80
19:20:14.062;-51;-80;-80;-80;-80;-80;-80;-80
19:20:14.203;-80;-58;-80;-80;-80;-80;-80;-80
19:20:14.359;-52;-80;-80;-80;-80;-80;-80;-80
19:20:14.453;-80;-80;-58;-80;-80;-80;-80;-80
19:20:14.625;-52;-80;-80;-80;-80;-80;-80;-80
19:20:14.890;-50;-80;-80;-80;-80;-80;-80;-80
19:20:15.000;-80;-56;-80;-80;-80;-80;-80;-80
19:20:15.140;-80;-80;-56;-80;-80;-80;-80;-80
19:20:15.234;-52;-80;-80;-80;-80;-80;-80;-80
19:20:15.375;-50.5;-80;-80;-80;-80;-80;-80;-80
19:20:15.500;-50.5;-80;-80;-80;-80;-80;-80;-80
19:20:15.765;-50.5;-80;-80;-80;-80;-80;-80;-80
19:20:16.015;-50.5;-80;-80;-80;-80;-80;-80;-80
19:20:16.125;-80;-80;-56;-80;-80;-80;-80;-80
19:20:16.312;-52;-80;-80;-80;-80;-80;-80;-80
19:20:16.500;-52;-80;-80;-80;-80;-80;-80;-80
19:20:16.781;-56.5;-80;-80;-80;-80;-80;-80;-80
19:20:17.015;-52.5;-80;-80;-80;-80;-80;-80;-80
19:20:17.125;-80;-80;-56.5;-80;-80;-80;-80;-80
19:20:17.265;-54;-80;-80;-80;-80;-80;-80;-80
19:20:17.390;-80;-80;-53.5;-80;-80;-80;-80;-80
19:20:17.531;-50;-80;-80;-80;-80;-80;-80;-80
19:20:17.640;-80;-80;-56;-80;-80;-80;-80;-80
19:20:17.765;-52.5;-80;-80;-80;-80;-80;-80;-80
19:20:17.765;-80;-80;-55.5;-80;-80;-80;-80;-80
19:20:17.890;-50;-80;-80;-80;-80;-80;-80;-80
19:20:17.890;-80;-56.5;-80;-80;-80;-80;-80;-80
19:20:18.109;-53;-80;-80;-80;-80;-80;-80;-80
19:20:18.296;-54;-80;-80;-80;-80;-80;-80;-80
19:20:18.390;-53.5;-80;-80;-80;-80;-80;-80;-80
19:20:18.640;-53.5;-80;-80;-80;-80;-80;-80;-80
19:20:18.906;-54;-80;-80;-80;-80;-80;-80;-80
19:20:19.125;-55.5;-80;-80;-80;-80;-80;-80;-80
19:20:19.375;-54.5;-80;-80;-80;-80;-80;-80;-80
19:20:19.625;-55;-80;-80;-80;-80;-80;-80;-80
19:20:19.765;-80;-59;-80;-80;-80;-80;-80;-80
19:20:19.875;-53;-80;-80;-80;-80;-80;-80;-80
19:20:20.125;-54.5;-80;-80;-80;-80;-80;-80;-80
19:20:20.281;-80;-80;-54;-80;-80;-80;-80;-80
19:20:20.281;-80;-80;-80;-57;-80;-80;-80;-80
19:20:20.375;-50.5;-80;-80;-80;-80;-80;-80;-80
19:20:20.375;-80;-80;-80;-58;-80;-80;-80;-80
19:20:20.531;-80;-80;-57.5;-80;-80;-80;-80;-80
19:20:20.640;-80;-80;-80;-57;-80;-80;-80;-80
19:20:20.734;-52.5;-80;-80;-80;-80;-80;-80;-80
19:20:20.734;-80;-60;-80;-80;-80;-80;-80;-80
19:20:20.890;-80;-80;-56;-80;-80;-80;-80;-80
19:20:20.890;-80;-80;-80;-57.5;-80;-80;-80;-80
19:20:21.046;-55;-80;-80;-80;-80;-80;-80;-80
19:20:21.296;-50;-80;-80;-80;-80;-80;-80;-80
19:20:21.531;-52;-80;-80;-80;-80;-80;-80;-80
19:20:21.531;-80;-58;-80;-80;-80;-80;-80;-80
19:20:21.625;-80;-80;-55;-80;-80;-80;-80;-80
19:20:21.625;-80;-80;-80;-60.5;-80;-80;-80;-80
19:20:21.750;-49;-80;-80;-80;-80;-80;-80;-80
19:20:21.750;-80;-80;-80;-59;-80;-80;-80;-80
19:20:21.781;-49;-80;-80;-80;-80;-80;-80;-80
19:20:22.031;-51.5;-80;-80;-80;-80;-80;-80;-80
19:20:22.265;-52.5;-80;-80;-80;-80;-80;-80;-80
19:20:22.390;-80;-80;-50.5;-80;-80;-80;-80;-80
19:20:22.531;-53.5;-80;-80;-80;-80;-80;-80;-80
19:20:22.640;-80;-80;-54.5;-80;-80;-80;-80;-80
19:20:22.640;-80;-80;-80;-56.5;-80;-80;-80;-80
19:20:22.765;-52.5;-80;-80;-80;-80;-80;-80;-80
19:20:22.765;-80;-57.5;-80;-80;-80;-80;-80;-80
19:20:22.750;-80;-80;-80;-56.5;-80;-80;-80;-80
19:20:22.843;-80;-59;-80;-80;-80;-80;-80;-80
19:20:22.843;-80;-80;-48.5;-80;-80;-80;-80;-80
19:20:23.031;-46;-80;-80;-80;-80;-80;-80;-80
19:20:23.031;-80;-51.5;-80;-80;-80;-80;-80;-80
19:20:23.125;-80;-50;-80;-80;-80;-80;-80;-80
19:20:23.125;-80;-80;-45;-80;-80;-80;-80;-80
19:20:23.265;-51;-80;-80;-80;-80;-80;-80;-80
19:20:23.265;-80;-80;-46;-80;-80;-80;-80;-80
19:20:23.375;-80;-44;-80;-80;-80;-80;-80;-80
19:20:23.500;-47.5;-80;-80;-80;-80;-80;-80;-80
19:20:23.500;-80;-80;-43.5;-80;-80;-80;-80;-80
19:20:23.578;-46.5;-80;-80;-80;-80;-80;-80;-80
19:20:23.578;-80;-44.5;-80;-80;-80;-80;-80;-80
19:20:23.750;-80;-80;-44.5;-80;-80;-80;-80;-80
19:20:23.875;-47;-80;-80;-80;-80;-80;-80;-80
19:20:23.875;-80;-44.5;-80;-80;-80;-80;-80;-80
19:20:24.000;-80;-80;-46.5;-80;-80;-80;-80;-80
19:20:24.000;-80;-80;-80;-53;-80;-80;-80;-80
19:20:24.109;-53;-80;-80;-80;-80;-80;-80;-80
19:20:24.109;-53;-80;-80;-80;-80;-80;-80;-80
19:20:24.109;-80;-44.5;-80;-80;-80;-80;-80;-80
19:20:24.234;-80;-44.5;-80;-80;-80;-80;-80;-80
19:20:24.234;-80;-80;-80;-54;-80;-80;-80;-80
19:20:24.375;-48.5;-80;-80;-80;-80;-80;-80;-80
19:20:24.375;-80;-50;-80;-80;-80;-80;-80;-80
19:20:24.375;-80;-80;-80;-53.5;-80;-80;-80;-80
19:20:24.468;-80;-49;-80;-80;-80;-80;-80;-80
19:20:24.468;-80;-80;-52.5;-80;-80;-80;-80;-80
19:20:24.640;-49;-80;-80;-80;-80;-80;-80;-80
19:20:24.640;-80;-45.5;-80;-80;-80;-80;-80;-80
19:20:24.640;-80;-80;-80;-56;-80;-80;-80;-80
19:20:24.718;-80;-45.5;-80;-80;-80;-80;-80;-80
19:20:24.718;-80;-80;-53;-80;-80;-80;-80;-80
19:20:24.859;-58.5;-80;-80;-80;-80;-80;-80;-80
19:20:24.859;-80;-80;-80;-50.5;-80;-80;-80;-80
19:20:25.031;-80;-48.5;-80;-80;-80;-80;-80;-80
19:20:25.031;-80;-80;-57;-80;-80;-80;-80;-80
19:20:25.140;-57.5;-80;-80;-80;-80;-80;-80;-80
19:20:25.140;-80;-80;-80;-51.5;-80;-80;-80;-80
19:20:25.265;-80;-80;-51.5;-80;-80;-80;-80;-80
19:20:25.375;-49.5;-80;-80;-80;-80;-80;-80;-80
19:20:25.375;-80;-80;-80;-54;-80;-80;-80;-80
19:20:25.500;-50.5;-80;-80;-80;-80;-80;-80;-80
19:20:25.500;-80;-80;-51;-80;-80;-80;-80;-80
19:20:25.625;-52.5;-80;-80;-80;-80;-80;-80;-80
19:20:25.750;-80;-80;-56.5;-80;-80;-80;-80;-80
19:20:25.890;-50.5;-80;-80;-80;-80;-80;-80;-80
19:20:25.953;-51;-80;-80;-80;-80;-80;-80;-80
19:20:25.953;-80;-52.5;-80;-80;-80;-80;-80;-80
19:20:26.125;-80;-80;-53;-80;-80;-80;-80;-80
19:20:26.125;-80;-80;-80;-56.5;-80;-80;-80;-80
19:20:26.312;-54;-80;-80;-80;-80;-80;-80;-80
19:20:26.312;-80;-57;-80;-80;-80;-80;-80;-80
19:20:26.312;-80;-80;-80;-54;-80;-80;-80;-80
19:20:26.375;-80;-80;-56;-80;-80;-80;-80;-80
19:20:26.500;-53.5;-80;-80;-80;-80;-80;-80;-80
19:20:26.625;-80;-57.5;-80;-80;-80;-80;-80;-80
19:20:26.765;-51.5;-80;-80;-80;-80;-80;-80;-80
19:20:26.765;-80;-80;-80;-57.5;-80;-80;-80;-80
19:20:26.875;-80;-51.5;-80;-80;-80;-80;-80;-80
19:20:26.968;-80;-80;-80;-58.5;-80;-80;-80;-80
19:20:27.125;-52;-80;-80;-80;-80;-80;-80;-80
19:20:27.125;-80;-51.5;-80;-80;-80;-80;-80;-80
19:20:27.281;-54.5;-80;-80;-80;-80;-80;-80;-80
19:20:27.265;-80;-80;-80;-53;-80;-80;-80;-80
19:20:27.375;-80;-52.5;-80;-80;-80;-80;-80;-80
19:20:27.375;-80;-80;-54.5;-80;-80;-80;-80;-80
19:20:27.546;-52;-80;-80;-80;-80;-80;-80;-80
19:20:27.531;-80;-80;-56;-80;-80;-80;-80;-80
19:20:27.531;-80;-80;-80;-55.5;-80;-80;-80;-80
19:20:27.625;-52.5;-80;-80;-80;-80;-80;-80;-80
19:20:27.625;-80;-52;-80;-80;-80;-80;-80;-80
19:20:27.875;-52;-80;-80;-80;-80;-80;-80;-80
19:20:27.875;-80;-51.5;-80;-80;-80;-80;-80;-80
19:20:28.078;-53;-80;-80;-80;-80;-80;-80;-80
19:20:28.078;-80;-50.5;-80;-80;-80;-80;-80;-80
19:20:28.078;-80;-80;-59;-80;-80;-80;-80;-80
19:20:28.078;-80;-80;-80;-55;-80;-80;-80;-80
19:20:28.125;-80;-54;-80;-80;-80;-80;-80;-80
19:20:28.375;-57.5;-80;-80;-80;-80;-80;-80;-80
19:20:28.375;-80;-54;-80;-80;-80;-80;-80;-80
19:20:28.375;-80;-80;-80;-52.5;-80;-80;-80;-80
19:20:28.562;-53;-80;-80;-80;-80;-80;-80;-80
19:20:28.562;-80;-80;-55;-80;-80;-80;-80;-80
19:20:28.562;-80;-80;-80;-57.5;-80;-80;-80;-80
19:20:28.625;-53;-80;-80;-80;-80;-80;-80;-80
19:20:28.796;-80;-50;-80;-80;-80;-80;-80;-80
19:20:28.796;-80;-80;-58.5;-80;-80;-80;-80;-80
19:20:28.796;-80;-80;-80;-55;-80;-80;-80;-80
19:20:28.875;-55.5;-80;-80;-80;-80;-80;-80;-80
19:20:29.031;-53;-80;-80;-80;-80;-80;-80;-80
19:20:29.031;-80;-51;-80;-80;-80;-80;-80;-80
19:20:29.031;-80;-80;-57.5;-80;-80;-80;-80;-80
19:20:29.125;-80;-80;-57.5;-80;-80;-80;-80;-80
19:20:29.296;-56;-80;-80;-80;-80;-80;-80;-80
19:20:29.296;-80;-53;-80;-80;-80;-80;-80;-80
19:20:29.296;-80;-80;-56.5;-80;-80;-80;-80;-80
19:20:29.375;-80;-80;-80;-58;-80;-80;-80;-80
19:20:29.515;-50.5;-80;-80;-80;-80;-80;-80;-80
19:20:29.515;-80;-54.5;-80;-80;-80;-80;-80;-80
19:20:29.625;-80;-80;-80;-55;-80;-80;-80;-80
19:20:29.750;-50;-80;-80;-80;-80;-80;-80;-80
19:20:29.750;-80;-50.5;-80;-80;-80;-80;-80;-80
19:20:29.875;-80;-50.5;-80;-80;-80;-80;-80;-80
19:20:29.875;-80;-80;-58;-80;-80;-80;-80;-80
19:20:29.875;-80;-80;-80;-58;-80;-80;-80;-80
19:20:30.031;-50;-80;-80;-80;-80;-80;-80;-80
19:20:30.031;-80;-51;-80;-80;-80;-80;-80;-80
19:20:30.031;-80;-80;-80;-58;-80;-80;-80;-80
19:20:30.125;-80;-50.5;-80;-80;-80;-80;-80;-80
19:20:30.125;-80;-80;-56.5;-80;-80;-80;-80;-80
19:20:30.281;-49.5;-80;-80;-80;-80;-80;-80;-80
19:20:30.281;-80;-80;-56.5;-80;-80;-80;-80;-80
19:20:30.375;-50.5;-80;-80;-80;-80;-80;-80;-80
19:20:30.531;-80;-52;-80;-80;-80;-80;-80;-80
19:20:30.531;-80;-80;-55;-80;-80;-80;-80;-80
19:20:30.625;-50;-80;-80;-80;-80;-80;-80;-80
19:20:30.625;-80;-80;-80;-59;-80;-80;-80;-80
19:20:30.828;-48;-80;-80;-80;-80;-80;-80;-80
19:20:30.828;-80;-54;-80;-80;-80;-80;-80;-80
19:20:30.828;-80;-80;-56.5;-80;-80;-80;-80;-80
19:20:30.890;-80;-80;-58;-80;-80;-80;-80;-80
19:20:30.984;-51.5;-80;-80;-80;-80;-80;-80;-80
19:20:30.984;-80;-80;-80;-56;-80;-80;-80;-80
19:20:30.984;-51.5;-80;-80;-80;-80;-80;-80;-80
19:20:31.125;-80;-53.5;-80;-80;-80;-80;-80;-80
19:20:31.125;-80;-80;-55.5;-80;-80;-80;-80;-80
19:20:31.328;-51;-80;-80;-80;-80;-80;-80;-80
19:20:31.328;-80;-52;-80;-80;-80;-80;-80;-80
19:20:31.328;-80;-80;-55.5;-80;-80;-80;-80;-80
19:20:31.328;-80;-80;-80;-57;-80;-80;-80;-80
19:20:31.515;-54.5;-80;-80;-80;-80;-80;-80;-80
19:20:31.515;-80;-80;-57;-80;-80;-80;-80;-80
19:20:31.515;-80;-80;-80;-58.5;-80;-80;-80;-80
19:20:31.625;-80;-53.5;-80;-80;-80;-80;-80;-80
19:20:31.796;-53;-80;-80;-80;-80;-80;-80;-80
19:20:31.796;-80;-80;-57;-80;-80;-80;-80;-80
19:20:31.796;-80;-80;-80;-58;-80;-80;-80;-80
19:20:31.875;-80;-58;-80;-80;-80;-80;-80;-80
19:20:32.062;-55;-80;-80;-80;-80;-80;-80;-80
19:20:32.062;-80;-80;-57;-80;-80;-80;-80;-80
19:20:32.062;-80;-80;-80;-56.5;-80;-80;-80;-80
19:20:32.125;-54.5;-80;-80;-80;-80;-80;-80;-80
19:20:32.125;-80;-54.5;-80;-80;-80;-80;-80;-80
19:20:32.359;-51.5;-80;-80;-80;-80;-80;-80;-80
19:20:32.359;-80;-55;-80;-80;-80;-80;-80;-80
19:20:32.359;-80;-80;-57;-80;-80;-80;-80;-80
19:20:32.359;-80;-80;-80;-58.5;-80;-80;-80;-80
19:20:32.531;-52;-80;-80;-80;-80;-80;-80;-80
19:20:32.531;-80;-59;-80;-80;-80;-80;-80;-80
19:20:32.531;-80;-80;-57.5;-80;-80;-80;-80;-80
19:20:32.625;-80;-80;-80;-58;-80;-80;-80;-80
19:20:32.703;-51;-80;-80;-80;-80;-80;-80;-80
19:20:32.703;-80;-53;-80;-80;-80;-80;-80;-80
19:20:32.875;-80;-53;-80;-80;-80;-80;-80;-80
19:20:32.875;-80;-80;-58.5;-80;-80;-80;-80;-80
19:20:32.875;-80;-80;-80;-57;-80;-80;-80;-80
19:20:33.000;-53;-80;-80;-80;-80;-80;-80;-80
19:20:33.000;-80;-53;-80;-80;-80;-80;-80;-80
19:20:32.984;-80;-80;-80;-56;-80;-80;-80;-80
19:20:33.125;-80;-52.5;-80;-80;-80;-80;-80;-80
19:20:33.125;-80;-80;-58;-80;-80;-80;-80;-80
19:20:33.125;-80;-80;-80;-56.5;-80;-80;-80;-80
19:20:33.250;-52.5;-80;-80;-80;-80;-80;-80;-80
19:20:33.250;-80;-52.5;-80;-80;-80;-80;-80;-80
19:20:33.375;-80;-53;-80;-80;-80;-80;-80;-80
19:20:33.375;-80;-80;-80;-53.5;-80;-80;-80;-80
19:20:33.453;-51.5;-80;-80;-80;-80;-80;-80;-80
19:20:33.453;-80;-80;-80;-53.5;-80;-80;-80;-80
19:20:33.578;-80;-52;-80;-80;-80;-80;-80;-80
19:20:33.578;-80;-80;-60;-80;-80;-80;-80;-80
19:20:33.625;-80;-80;-80;-54;-80;-80;-80;-80
19:20:33.781;-52.5;-80;-80;-80;-80;-80;-80;-80
19:20:33.781;-80;-53.5;-80;-80;-80;-80;-80;-80
19:20:33.781;-80;-80;-80;-56;-80;-80;-80;-80
19:20:33.875;-80;-54;-80;-80;-80;-80;-80;-80
19:20:34.000;-52;-80;-80;-80;-80;-80;-80;-80
19:20:34.000;-80;-80;-80;-54.5;-80;-80;-80;-80
19:20:34.125;-51;-80;-80;-80;-80;-80;-80;-80
19:20:34.125;-80;-51.5;-80;-80;-80;-80;-80;-80
19:20:34.125;-80;-80;-60;-80;-80;-80;-80;-80
19:20:34.281;-49;-80;-80;-80;-80;-80;-80;-80
19:20:34.281;-80;-80;-59.5;-80;-80;-80;-80;-80
19:20:34.281;-80;-80;-80;-56.5;-80;-80;-80;-80
19:20:34.375;-80;-56;-80;-80;-80;-80;-80;-80
19:20:34.390;-80;-80;-60;-80;-80;-80;-80;-80
19:20:34.531;-51.5;-80;-80;-80;-80;-80;-80;-80
19:20:34.531;-80;-80;-58.5;-80;-80;-80;-80;-80
19:20:34.531;-80;-80;-80;-59;-80;-80;-80;-80
19:20:34.625;-80;-54;-80;-80;-80;-80;-80;-80
19:20:34.812;-57;-80;-80;-80;-80;-80;-80;-80
19:20:34.812;-80;-61.5;-80;-80;-80;-80;-80;-80
19:20:34.812;-80;-80;-80;-58;-80;-80;-80;-80
19:20:35.000;-56.5;-80;-80;-80;-80;-80;-80;-80
19:20:35.000;-80;-80;-58;-80;-80;-80;-80;-80
19:20:35.000;-80;-80;-80;-56;-80;-80;-80;-80
19:20:35.125;-58;-80;-80;-80;-80;-80;-80;-80
19:20:35.125;-80;-51;-80;-80;-80;-80;-80;-80
19:20:35.281;-54;-80;-80;-80;-80;-80;-80;-80
19:20:35.281;-80;-80;-80;-55;-80;-80;-80;-80
19:20:35.375;-54;-80;-80;-80;-80;-80;-80;-80
19:20:35.375;-80;-57;-80;-80;-80;-80;-80;-80
19:20:35.500;-80;-80;-58.5;-80;-80;-80;-80;-80
19:20:35.500;-80;-80;-80;-55.5;-80;-80;-80;-80
19:20:35.625;-55;-80;-80;-80;-80;-80;-80;-80
19:20:35.625;-80;-49.5;-80;-80;-80;-80;-80;-80
19:20:35.890;-52.5;-80;-80;-80;-80;-80;-80;-80
19:20:35.890;-80;-51;-80;-80;-80;-80;-80;-80
19:20:35.890;-80;-80;-80;-53;-80;-80;-80;-80
19:20:36.109;-53.5;-80;-80;-80;-80;-80;-80;-80
19:20:36.109;-80;-51;-80;-80;-80;-80;-80;-80
19:20:36.109;-80;-80;-55.5;-80;-80;-80;-80;-80
19:20:36.109;-80;-80;-80;-52.5;-80;-80;-80;-80
19:20:36.328;-54.5;-80;-80;-80;-80;-80;-80;-80
19:20:36.328;-80;-52.5;-80;-80;-80;-80;-80;-80
19:20:36.328;-80;-80;-80;-54;-80;-80;-80;-80
19:20:36.375;-53.5;-80;-80;-80;-80;-80;-80;-80
19:20:36.531;-80;-80;-52;-80;-80;-80;-80;-80
19:20:36.531;-80;-80;-80;-55.5;-80;-80;-80;-80
19:20:36.625;-52.5;-80;-80;-80;-80;-80;-80;-80
19:20:36.625;-80;-80;-80;-57;-80;-80;-80;-80
19:20:36.781;-80;-56.5;-80;-80;-80;-80;-80;-80
19:20:36.781;-80;-80;-60;-80;-80;-80;-80;-80
19:20:36.781;-80;-80;-80;-59.5;-80;-80;-80;-80
19:20:36.875;-53.5;-80;-80;-80;-80;-80;-80;-80
19:20:36.875;-80;-54;-80;-80;-80;-80;-80;-80
19:20:37.078;-53.5;-80;-80;-80;-80;-80;-80;-80
19:20:37.078;-80;-54.5;-80;-80;-80;-80;-80;-80
19:20:37.125;-80;-54;-80;-80;-80;-80;-80;-80
19:20:37.296;-51.5;-80;-80;-80;-80;-80;-80;-80
19:20:37.296;-80;-52.5;-80;-80;-80;-80;-80;-80
19:20:37.375;-51.5;-80;-80;-80;-80;-80;-80;-80
19:20:37.375;-80;-51;-80;-80;-80;-80;-80;-80
19:20:37.546;-52;-80;-80;-80;-80;-80;-80;-80
19:20:37.546;-80;-51;-80;-80;-80;-80;-80;-80
19:20:37.546;-80;-80;-80;-58;-80;-80;-80;-80
19:20:37.625;-52;-80;-80;-80;-80;-80;-80;-80
19:20:37.796;-51.5;-80;-80;-80;-80;-80;-80;-80
19:20:37.796;-80;-80;-80;-59;-80;-80;-80;-80
19:20:37.875;-80;-51.5;-80;-80;-80;-80;-80;-80
19:20:38.109;-54.5;-80;-80;-80;-80;-80;-80;-80
19:20:38.109;-80;-47.5;-80;-80;-80;-80;-80;-80
19:20:38.109;-80;-80;-54;-80;-80;-80;-80;-80
19:20:38.109;-80;-80;-80;-56.5;-80;-80;-80;-80
19:20:38.359;-58;-80;-80;-80;-80;-80;-80;-80
19:20:38.359;-80;-46.5;-80;-80;-80;-80;-80;-80
19:20:38.359;-80;-80;-49.5;-80;-80;-80;-80;-80
19:20:38.359;-80;-80;-80;-56.5;-80;-80;-80;-80
19:20:38.578;-59;-80;-80;-80;-80;-80;-80;-80
19:20:38.578;-80;-80;-58;-80;-80;-80;-80;-80
19:20:38.578;-80;-80;-80;-53.5;-80;-80;-80;-80
19:20:38.625;-80;-50;-80;-80;-80;-80;-80;-80
19:20:38.812;-60;-80;-80;-80;-80;-80;-80;-80
19:20:38.812;-80;-50;-80;-80;-80;-80;-80;-80
19:20:38.812;-80;-80;-52;-80;-80;-80;-80;-80
19:20:38.812;-80;-80;-80;-55.5;-80;-80;-80;-80
19:20:38.875;-60;-80;-80;-80;-80;-80;-80;-80
19:20:39.000;-80;-51.5;-80;-80;-80;-80;-80;-80
19:20:39.000;-80;-80;-56;-80;-80;-80;-80;-80
19:20:39.000;-80;-80;-80;-53;-80;-80;-80;-80
19:20:39.125;-57.5;-80;-80;-80;-80;-80;-80;-80
19:20:39.125;-80;-53.5;-80;-80;-80;-80;-80;-80
19:20:39.125;-80;-80;-80;-53;-80;-80;-80;-80
19:20:39.343;-57;-80;-80;-80;-80;-80;-80;-80
19:20:39.328;-80;-53.5;-80;-80;-80;-80;-80;-80
19:20:39.328;-80;-80;-59;-80;-80;-80;-80;-80
19:20:39.328;-80;-80;-80;-56;-80;-80;-80;-80
19:20:39.500;-57.5;-80;-80;-80;-80;-80;-80;-80
19:20:39.500;-80;-54;-80;-80;-80;-80;-80;-80
19:20:39.500;-80;-80;-56.5;-80;-80;-80;-80;-80
19:20:39.625;-56;-80;-80;-80;-80;-80;-80;-80
19:20:39.625;-80;-80;-56.5;-80;-80;-80;-80;-80
19:20:39.625;-80;-80;-80;-53;-80;-80;-80;-80
19:20:39.734;-56;-80;-80;-80;-80;-80;-80;-80
19:20:39.734;-80;-53;-80;-80;-80;-80;-80;-80
19:20:39.734;-80;-80;-56;-80;-80;-80;-80;-80
19:20:39.875;-56.5;-80;-80;-80;-80;-80;-80;-80
19:20:39.875;-80;-80;-80;-56;-80;-80;-80;-80
19:20:40.046;-80;-52.5;-80;-80;-80;-80;-80;-80
19:20:40.046;-80;-80;-58;-80;-80;-80;-80;-80
19:20:40.125;-80;-80;-80;-53.5;-80;-80;-80;-80
19:20:40.234;-56;-80;-80;-80;-80;-80;-80;-80
19:20:40.234;-80;-52.5;-80;-80;-80;-80;-80;-80
19:20:40.375;-80;-52.5;-80;-80;-80;-80;-80;-80
19:20:40.375;-80;-80;-80;-56;-80;-80;-80;-80
19:20:40.500;-55;-80;-80;-80;-80;-80;-80;-80
19:20:40.500;-80;-51.5;-80;-80;-80;-80;-80;-80
19:20:40.500;-80;-80;-80;-53.5;-80;-80;-80;-80
19:20:40.640;-80;-52;-80;-80;-80;-80;-80;-80
19:20:40.640;-80;-80;-80;-55;-80;-80;-80;-80
19:20:40.750;-56;-80;-80;-80;-80;-80;-80;-80
19:20:40.750;-80;-51.5;-80;-80;-80;-80;-80;-80
19:20:40.750;-80;-80;-80;-55.5;-80;-80;-80;-80
19:20:40.875;-80;-80;-80;-56;-80;-80;-80;-80
19:20:41.015;-55.5;-80;-80;-80;-80;-80;-80;-80
19:20:41.015;-80;-49.5;-80;-80;-80;-80;-80;-80
19:20:41.015;-80;-80;-80;-56;-80;-80;-80;-80
19:20:41.125;-80;-52;-80;-80;-80;-80;-80;-80
19:20:41.296;-55.5;-80;-80;-80;-80;-80;-80;-80
19:20:41.296;-80;-51;-80;-80;-80;-80;-80;-80
19:20:41.296;-80;-80;-80;-53.5;-80;-80;-80;-80
19:20:41.375;-80;-51;-80;-80;-80;-80;-80;-80
19:20:41.578;-54.5;-80;-80;-80;-80;-80;-80;-80
19:20:41.578;-80;-50.5;-80;-80;-80;-80;-80;-80
19:20:41.578;-80;-80;-80;-55.5;-80;-80;-80;-80
19:20:41.625;-80;-50.5;-80;-80;-80;-80;-80;-80
19:20:41.781;-56;-80;-80;-80;-80;-80;-80;-80
19:20:41.781;-80;-80;-55.5;-80;-80;-80;-80;-80
19:20:41.781;-80;-80;-80;-53.5;-80;-80;-80;-80
19:20:41.875;-54;-80;-80;-80;-80;-80;-80;-80
19:20:41.875;-80;-53;-80;-80;-80;-80;-80;-80
19:20:42.031;-55;-80;-80;-80;-80;-80;-80;-80
19:20:42.031;-80;-80;-59;-80;-80;-80;-80;-80
19:20:42.031;-80;-80;-80;-54;-80;-80;-80;-80
19:20:42.140;-53;-80;-80;-80;-80;-80;-80;-80
19:20:42.140;-80;-55;-80;-80;-80;-80;-80;-80
19:20:42.296;-56;-80;-80;-80;-80;-80;-80;-80
19:20:42.296;-80;-80;-55.5;-80;-80;-80;-80;-80
19:20:42.296;-80;-80;-80;-54.5;-80;-80;-80;-80
19:20:42.375;-56;-80;-80;-80;-80;-80;-80;-80
19:20:42.375;-80;-50.5;-80;-80;-80;-80;-80;-80
19:20:42.546;-53.5;-80;-80;-80;-80;-80;-80;-80
19:20:42.546;-80;-50.5;-80;-80;-80;-80;-80;-80
19:20:42.546;-80;-80;-80;-54.5;-80;-80;-80;-80
19:20:42.625;-53.5;-80;-80;-80;-80;-80;-80;-80
19:20:42.625;-80;-51.5;-80;-80;-80;-80;-80;-80
19:20:42.781;-56;-80;-80;-80;-80;-80;-80;-80
19:20:42.781;-80;-54.5;-80;-80;-80;-80;-80;-80
19:20:42.781;-80;-80;-54.5;-80;-80;-80;-80;-80
19:20:42.781;-80;-80;-80;-54.5;-80;-80;-80;-80
19:20:42.875;-55.5;-80;-80;-80;-80;-80;-80;-80
19:20:42.875;-80;-51.5;-80;-80;-80;-80;-80;-80
19:20:43.109;-55.5;-80;-80;-80;-80;-80;-80;-80
19:20:43.109;-80;-80;-57.5;-80;-80;-80;-80;-80
19:20:43.109;-80;-80;-80;-54.5;-80;-80;-80;-80
19:20:43.296;-80;-53;-80;-80;-80;-80;-80;-80
19:20:43.296;-80;-80;-80;-56;-80;-80;-80;-80
19:20:43.375;-57.5;-80;-80;-80;-80;-80;-80;-80
19:20:43.515;-80;-53.5;-80;-80;-80;-80;-80;-80
19:20:43.515;-80;-80;-53;-80;-80;-80;-80;-80
19:20:43.531;-80;-80;-80;-53.5;-80;-80;-80;-80
19:20:43.625;-54;-80;-80;-80;-80;-80;-80;-80
19:20:43.625;-80;-80;-80;-53;-80;-80;-80;-80
19:20:43.843;-56.5;-80;-80;-80;-80;-80;-80;-80
19:20:43.843;-80;-56;-80;-80;-80;-80;-80;-80
19:20:43.843;-80;-80;-51.5;-80;-80;-80;-80;-80
19:20:43.843;-80;-80;-80;-55.5;-80;-80;-80;-80
19:20:43.875;-56.5;-80;-80;-80;-80;-80;-80;-80
19:20:44.031;-80;-55.5;-80;-80;-80;-80;-80;-80
19:20:44.031;-80;-80;-51;-80;-80;-80;-80;-80
19:20:44.046;-80;-80;-51.5;-80;-80;-80;-80;-80
19:20:44.125;-80;-80;-80;-54;-80;-80;-80;-80
19:20:44.250;-57;-80;-80;-80;-80;-80;-80;-80
19:20:44.250;-80;-55.5;-80;-80;-80;-80;-80;-80
19:20:44.250;-80;-80;-49.5;-80;-80;-80;-80;-80
19:20:44.390;-57.5;-80;-80;-80;-80;-80;-80;-80
19:20:44.390;-80;-80;-49;-80;-80;-80;-80;-80
19:20:44.390;-80;-80;-80;-54.5;-80;-80;-80;-80
19:20:44.562;-57;-80;-80;-80;-80;-80;-80;-80
19:20:44.562;-80;-55;-80;-80;-80;-80;-80;-80
19:20:44.578;-80;-80;-53;-80;-80;-80;-80;-80
19:20:44.625;-80;-80;-80;-52.5;-80;-80;-80;-80
19:20:44.812;-55.5;-80;-80;-80;-80;-80;-80;-80
19:20:44.828;-80;-80;-53.5;-80;-80;-80;-80;-80
19:20:44.875;-80;-80;-80;-52;-80;-80;-80;-80
19:20:45.031;-57.5;-80;-80;-80;-80;-80;-80;-80
19:20:45.031;-80;-52;-80;-80;-80;-80;-80;-80
19:20:45.125;-80;-80;-80;-55;-80;-80;-80;-80
